Month     Less0   Lo30    Med40   Hi30    Lo20    Qnt2    Qnt3    Qnt4    Hi20    Lo10    Dec2    Dec3    Dec4    Dec5    Dec6    Dec7    Dec8    Dec9    Hi10
196107    4.37    2.73    3.68    3.40    1.51    4.70    3.47    3.62    3.36    0.86    2.13    5.08    3.84    4.42    2.42    3.77    3.43    3.13    3.81
196108   -4.42    2.80    2.91    1.07    3.72    1.77    2.81    2.02    0.96    4.47    3.01    1.10    3.34    2.44    3.23    2.71    1.15   -0.11    3.00
196109   -8.89   -1.29   -2.56   -0.87   -1.20   -1.79   -0.91   -1.93   -3.42   -0.55   -1.83   -1.47   -2.52   -2.56    0.92   -4.29    1.09   -4.76   -0.94
196110    1.06    2.27    3.75    2.91    2.35    2.30    4.86    2.51    4.79    2.00    2.70    2.10    2.75    4.47    5.27    3.33    1.52    6.85    1.12
196111    1.94    4.26    4.25    6.90    3.01    5.75    3.89    6.60    4.83    2.05    3.93    6.65    3.69    3.55    4.24    5.08    8.47    4.03    6.33
196112    4.04   -0.27   -0.52    3.03   -0.85   -0.02   -2.02    2.96    1.85   -1.18   -0.54    0.81   -1.98   -1.97   -2.07    2.17    3.90    2.60    0.49
196201   10.06   -5.80   -2.46   -0.09   -6.29   -4.44   -3.32   -0.56   -0.13   -5.10   -7.40   -4.92   -3.29   -3.25   -3.40   -0.98   -0.06    0.61   -1.53
196202   -2.56    1.91    2.68    1.32    1.36    2.60    2.28    2.06    2.80   -0.42    3.08    2.89    1.91    1.87    2.72    3.61    0.25    3.43    1.59
196203   -1.34   -0.46   -0.04   -0.76    0.42   -1.31    0.60   -0.33   -2.38    0.94   -0.07   -2.02    0.40    0.77    0.43   -0.97    0.45   -1.73   -3.65
196204   -9.63   -7.10   -5.46   -5.13   -8.17   -5.02   -5.69   -5.32   -5.56  -10.22   -6.23   -5.15   -4.73   -5.18   -6.23   -5.73   -4.83   -5.43   -5.83
196205  -10.21   -9.95   -7.38   -5.32  -10.53   -8.85   -8.70   -4.79   -6.66  -11.08  -10.03   -8.93   -8.65   -8.92   -8.47   -5.15   -4.36   -6.60   -6.77
196206   -7.15   -9.98   -6.99   -5.04  -10.89   -8.11   -7.05   -5.84   -5.25  -12.24   -9.68   -8.40   -7.41   -7.48   -6.59   -6.65   -4.89   -4.35   -7.04
196207    9.13    8.85    4.99    4.12    9.83    6.39    5.48    4.98    4.42   12.95    8.09    7.71    2.83    4.34    6.05    5.94    3.16    3.70    5.74
196208    5.13    2.60    2.00    2.07    2.89    1.99    2.32    1.64    2.42    3.03    2.80    2.27    1.21    1.71    2.62    2.01    0.93    2.10    3.00
196209   -8.50   -6.28   -3.46   -3.60   -7.30   -4.70   -3.57   -3.80   -3.06   -9.78   -5.85   -5.07   -3.64   -5.72   -2.53   -3.02   -5.36   -2.70   -3.71
196210   -1.93    1.10    0.41   -0.47   -0.09    1.78    0.78   -0.49   -0.07   -1.88    0.91    2.49   -0.22   -0.35    1.31    0.14   -1.79   -0.44    0.58
196211   18.98   11.54    9.60   11.22   13.63    9.93    8.87   10.00   10.97   15.59   12.55    9.19   12.06   11.58    7.62    9.01   12.06   11.00   10.91
196212   -4.43    0.81    2.49    2.04    0.32    0.95    2.55    2.89    3.04   -0.98    1.05    1.39   -0.29    1.24    3.18    5.00   -1.36    3.47    2.29
196301    7.13    4.71    5.35    4.68    5.33    4.65    5.83    4.45    3.97    6.54    4.66    3.98    6.56    5.06    6.19    3.16    7.20    3.19    5.36
196302   -1.71   -2.92   -2.09   -1.23   -3.47   -2.10   -2.51   -1.51   -1.17   -4.52   -2.87   -2.27   -1.61   -2.33   -2.59   -1.56   -1.42   -0.63   -2.14
196303    3.83    2.33    4.27    5.08    2.30    2.69    4.14    4.69    5.48    2.74    2.06    2.35    3.64    2.32    5.00    5.17    3.70    5.00    6.33
196304    2.78    4.90    3.96    5.80    5.76    3.70    4.20    4.69    5.81    8.07    4.47    3.90    3.14    3.78    4.39    4.18    5.77    6.95    3.81
196305    4.89    1.68    2.77    1.14    2.98    0.75    3.83    1.38    0.61    3.64    2.61    0.13    2.49    1.38    4.95    0.61    2.99    0.35    1.09
196306   -1.50   -2.71   -1.54   -0.40   -3.07   -2.45   -2.18    0.38   -0.12   -4.60   -2.17   -2.28   -2.92   -0.88   -2.76    1.25   -1.38    0.23   -0.75
196307    1.48   -0.36    0.23    0.90   -0.58    0.10    0.69    0.62    0.51   -0.26   -0.84    0.61   -0.49    1.29   -0.39   -0.98    1.66    0.83   -0.52
196308    7.74    5.40    4.75    6.04    5.14    5.93    4.36    5.30    6.67    5.74    4.64    6.55    5.21    3.96    5.08    6.08    4.80    6.89    5.95
196309   -5.64   -0.46   -2.07   -1.54   -0.05   -1.91   -2.38   -2.43   -0.73   -0.32    0.18   -2.23   -1.54   -2.90   -1.45   -1.33   -3.13   -0.33   -2.03
196310    4.16    3.86    0.32    6.55    4.11    1.25    0.35    1.14    9.43    4.98    3.39    2.78   -0.55    0.20    0.61    1.81    0.70   11.75    1.72
196311   -1.20    0.96   -0.88   -3.90    1.29   -0.81   -0.82   -1.73   -4.59   -0.50    2.79   -0.52   -1.16   -0.07   -2.14   -0.73   -2.39   -5.88    0.12
196312    2.76    2.39    2.60    1.41    2.33    2.77    2.79    2.69    0.29    3.29    1.55    2.64    2.94    3.71    1.12    0.98    3.83    0.40   -0.09
196401    2.06    3.07    2.49    2.18    3.19    1.42    3.69    1.86    1.86    3.24    3.15    2.52    0.08    4.07    2.98    0.35    2.85    1.78    2.13
196402    4.06    1.33    1.70    2.99    1.17    1.77    1.69    2.79    2.95    1.65    0.77    2.07    1.38    2.19    0.75    2.34    3.08    2.13    5.73
196403    2.07    1.01    2.52    2.41    0.89    1.42    2.41    5.04    1.27    2.02   -0.06    1.57    1.23    1.86    3.46    5.49    4.76    0.93    2.35
196404   -0.54   -0.88    1.07    3.25   -0.91    0.00    1.12    2.33    3.26   -2.06    0.08   -0.77    0.99    1.76   -0.08    0.91    3.23    4.75   -1.52
196405    5.98    1.40    0.97    2.99    1.47    0.94    1.03    2.14    3.07    2.69    0.45    1.08    0.76    1.25    0.62    1.03    2.84    3.89    0.23
196406    4.28    2.05    1.66    0.78    2.05    1.51    2.00    0.41    1.21    0.81    3.12    2.04    0.85    1.28    3.38    1.20   -0.08    1.13    1.50
196407    1.75    0.88    3.36    2.69    0.60    2.47    2.38    4.56    2.25    0.28    0.86    2.68    2.24    2.41    2.30    5.22    3.07    2.01    2.46
196408   -4.70   -1.83   -0.54    0.05   -1.79   -1.35   -1.36    0.17    1.01   -2.08   -1.55   -2.07   -0.53   -1.43   -1.17    0.57   -0.77    0.35    1.60
196409    7.63    2.44    3.26    4.07    2.18    3.65    2.76    3.71    5.27    3.05    1.48    4.13    3.09    2.33    3.85    4.00    3.02    3.81    6.55
196410    3.67    0.09    1.68    0.68   -0.14    1.14    3.16    0.25    0.76   -1.04    0.60    1.50    0.73    3.44    2.48    0.10    0.62    0.60    0.89
196411   -2.04    0.22    0.63    0.50    0.18    0.38    2.04   -0.17   -1.49    0.69   -0.23    0.44    0.32    2.07    1.94   -1.19    2.27   -1.08   -1.83
196412   -4.12    1.20    0.01   -0.87    1.37   -0.09   -0.29    0.22   -1.23    1.02    1.66    0.10   -0.31   -0.51    0.26    0.57   -0.57   -2.26   -0.34
196501   10.46    4.73    2.55    3.28    4.53    5.31    1.33    3.19    4.15    6.33    3.08    5.99    4.51    0.04    4.51    3.47    2.53    5.88    2.70
196502    5.91    1.10   -0.36    1.49    0.98    2.19   -0.61   -0.51    1.87    1.89    0.22    1.84    2.59   -1.40    1.26   -1.23    1.17    3.88    0.12
196503    0.86   -1.38   -1.04   -0.62   -1.50   -0.40   -2.11   -0.29   -0.05   -1.49   -1.52   -0.61   -0.14   -2.40   -1.47    0.06   -1.11   -0.77    0.60
196504    5.30    3.65    3.56    2.89    3.89    2.33    2.09    4.70    4.33    6.08    2.03    2.22    2.45    1.75    2.85    6.03    1.61    3.47    5.08
196505    2.04    0.53   -1.01   -0.62    0.79   -1.14   -0.27   -1.24   -1.73   -0.11    1.58   -1.09   -1.20   -0.34   -0.13   -1.91    0.39   -0.22   -3.05
196506  -12.53   -4.81   -4.65   -5.51   -4.68   -5.60   -3.33   -5.34   -7.49   -4.86   -4.53   -5.59   -5.60   -2.44   -5.31   -6.02   -3.75   -7.60   -7.38
196507    4.77    1.03    2.10    3.14    1.45   -0.01    2.40    2.40    3.81    2.63    0.37   -0.59    0.91    2.03    3.85    2.72    2.07    3.49    4.14
196508    9.36    2.57    3.32    3.82    2.72    2.68    2.96    4.62    3.30    4.25    1.27    2.00    3.73    2.68    4.02    4.61    4.64    3.60    3.00
196509    4.16    3.26    3.27    4.04    3.15    2.81    3.95    2.87    4.75    2.83    3.47    3.66    1.49    4.01    3.75    2.83    2.90    5.41    4.07
196510    7.95    1.81    3.67    6.11    1.64    2.57    3.95    5.12    5.98    3.13    0.19    2.50    2.69    3.88    4.22    3.93    6.31    5.57    6.42
196511   16.19   -0.13    0.00    1.65   -0.29    0.69   -0.81    1.09    3.00    1.51   -2.07    0.48    1.03   -1.98    3.62    2.72   -0.53    3.87    2.09
196512    2.68    0.86    0.89    3.45    0.98    0.27    1.18    2.18    3.49    1.71    0.21    0.44    0.01    1.12    1.36    0.99    3.39    3.90    3.06
196601    6.76   -0.22    1.20    4.82   -0.29    0.36    0.70    4.88    4.68   -0.15   -0.44    0.07    0.82   -0.28    4.16    4.70    5.05    5.75    3.54
196602    9.47   -0.87   -1.78    0.34   -0.51   -2.33   -1.82   -0.90    1.41   -0.08   -0.96   -2.26   -2.45   -2.72    1.22   -0.37   -1.44    0.89    1.98
196603    1.98   -1.71   -2.48   -2.22   -1.66   -1.64   -2.58   -4.12   -1.16    0.73   -4.22   -1.91   -1.23   -2.54   -2.71   -4.19   -4.04    0.77   -3.26
196604    8.34    3.09    0.98    2.34    3.39    1.54    0.64    1.65    3.48    4.42    2.22    1.95    0.90    0.05    2.55    2.97    0.33    3.82    3.10
196605  -16.10   -4.31   -5.50   -7.26   -4.13   -4.93   -5.48   -7.37   -6.91   -4.04   -4.24   -5.02   -4.80   -5.10   -6.68   -6.84   -7.90   -6.03   -7.91
196606    0.11   -1.46   -1.01    0.04   -0.94   -2.74   -0.93   -0.17   -0.12   -0.39   -1.56   -3.59   -1.42   -1.65    1.38   -0.67    0.34    1.09   -1.52
196607   -4.23   -1.72   -0.66   -1.30   -2.02   -0.59   -0.15   -1.49   -0.83   -2.41   -1.20   -0.10   -0.76    0.08   -0.44   -1.29   -1.89   -1.00   -0.54
196608  -13.65   -7.45   -7.18   -8.11   -7.20   -6.91   -7.47   -8.41   -8.04   -7.05   -7.51   -8.72   -6.26   -8.83   -5.73   -8.51   -8.21   -7.56   -8.82
196609   -2.52   -1.66    0.68   -1.45   -2.05    0.37    1.28    0.00   -2.18   -3.04    0.03    0.34    0.39    0.84    1.81    0.28   -0.55   -2.49   -1.67
196610   -8.59    3.30    5.72    3.96    3.02    7.29    5.88    2.08    2.91    1.49    6.12    4.76    8.17    5.73    6.06    0.47    5.24    2.84    3.02
196611   11.56    5.49   -1.53    0.82    5.85   -0.92    0.51   -1.61    0.44    7.76    2.12    3.70   -2.48    1.22   -0.35   -3.15    1.26   -0.72    2.37
196612   -2.70   -0.19    0.83    0.77   -0.43    0.53    1.38    0.65    1.24   -1.23    1.21    1.08    0.33    0.81    2.08    0.90    0.21    1.88    0.22
196701   25.03    7.34    7.76   13.05    7.38    6.32    7.15   12.02   14.97    8.03    6.06    7.14    6.02    7.00    7.34   12.71   10.77   13.91   16.68
196702    5.84    3.01   -0.64   -0.60    3.22    0.18   -0.39   -1.26   -0.38    4.21    1.21    1.93   -0.47   -1.59    1.08   -1.46   -0.88   -1.49    1.40
196703    2.77    4.00    4.38    5.65    4.07    3.96    4.14    5.49    5.70    4.04    4.13    3.64    4.08    4.44    3.79    5.43    5.58    3.86    8.52
196704    4.97    5.88    3.15    3.11    6.41    1.26    3.32    6.02    3.94    7.27    4.59    3.10    0.57    3.90    2.63    8.20    2.09    3.31    4.85
196705   -2.43   -4.87   -4.14   -2.62   -5.16   -3.90   -3.80   -3.69   -3.39   -5.68   -4.02   -3.35   -4.11   -5.39   -1.88   -4.76   -1.65   -1.99   -5.42
196706   10.29    2.41    1.46    4.81    2.79    1.01    1.76    2.62    4.69    3.32    1.65    0.39    1.25    0.72    2.97    1.36    4.95    4.01    5.71
196707   14.86    2.83    6.87    7.41    4.52    1.72    7.33    7.67    7.68    4.73    4.20   -1.08    5.49    6.36    8.59    8.27    6.93    8.41    6.65
196708    4.65   -0.81   -0.94    0.36   -1.09   -0.50   -1.02   -1.07    1.63   -1.05   -1.16   -0.12   -0.97   -1.21   -0.79   -0.45   -1.85    2.14    0.89
196709    6.50    3.71    3.03    3.28    3.92    3.01    3.14    2.66    4.02    4.99    2.22    3.21    2.75    3.25    3.01    3.23    1.94    3.68    4.52
196710    1.44   -1.12   -3.88   -4.50   -0.07   -3.72   -3.64   -4.14   -5.42    1.59   -2.79   -3.65   -3.80   -2.23   -5.42   -5.18   -2.81   -5.48   -5.34
196711    4.74    1.51   -0.41    0.18    2.07    0.10   -0.63   -0.57    0.52    2.60    1.17    0.09    0.11   -0.33   -1.02   -0.70   -0.41    0.10    1.13
196712   -3.51    2.10    4.03    5.19    2.27    2.41    3.83    6.56    4.41    2.15    2.48    1.63    3.40    3.61    4.10    6.55    6.58    4.25    4.64
196801   -2.61   -5.65   -1.89   -1.40   -7.22   -1.38   -2.25   -2.18   -0.82   -8.94   -4.25   -1.53   -1.18   -2.08   -2.47   -2.00   -2.40   -2.13    1.05
196802  -10.29   -3.18   -2.70   -4.14   -3.45   -2.61   -2.59   -3.61   -4.12   -3.54   -3.30   -2.52   -2.74   -2.23   -3.05   -3.15   -4.18   -3.84   -4.52
196803    8.89    1.73   -0.93    0.55    2.65   -1.40   -0.39    0.18    0.93    3.68    0.96   -0.55   -2.47    0.06   -0.98    0.43   -0.14    2.22   -0.87
196804   16.55    9.86    7.08   11.94   11.30    6.25    7.12    9.95   12.15   11.58   10.82    6.18    6.33    5.45    9.35    8.68   11.57   10.79   14.11
196805    8.92    2.14    1.49    5.15    3.15    0.84    0.53    3.95    5.33    3.97    1.74   -0.54    2.59   -0.12    1.36    3.25    4.82    4.83    6.03
196806   -2.84    0.26    2.15    0.99   -0.56    2.23    2.60    2.47   -0.93   -1.66    1.37    2.52    1.87    2.70    2.48    0.83    4.47   -1.07   -0.74
196807   -2.47   -5.18   -1.31    2.62   -5.74   -3.50   -1.42    1.89    0.83   -5.79   -5.63   -3.50   -3.50   -2.71   -0.79    0.08    4.72    0.31    1.58
196808    4.91    1.23    2.10    1.61    1.05    2.33    1.96    1.79    1.44    0.79    1.68    1.78    3.11    2.41    1.74    1.77    1.81    0.92    2.17
196809    8.27    3.30    4.84    4.52    3.07    4.51    5.15    3.37    6.60    2.17    5.32    3.95    5.30    5.18    5.13    4.15    2.19    5.75    7.77
196810   -1.93   -1.47    2.29    2.58   -2.65    1.23    2.85    3.00    1.72   -3.33   -1.00    1.94    0.23    2.10    3.22    2.61    3.58    2.06    1.25
196811    5.22    6.44    4.93    6.64    6.84    5.67    4.40    5.41    7.29    7.82    4.54    5.34    6.14    7.43    2.93    5.07    5.91    7.81    6.58
196812    0.98   -4.48   -3.81   -2.16   -4.66   -4.19   -3.46   -3.78   -0.99   -4.98   -3.88   -3.97   -4.50   -3.98   -3.19   -3.96   -3.50   -0.67   -1.46
196901   -0.38   -1.96   -0.02   -0.41   -2.27   -0.60   -0.44    0.14   -0.42   -2.47   -1.78   -1.12    0.15    0.45   -0.89    0.51   -0.41   -0.78    0.10
196902  -12.40   -4.75   -4.96   -5.29   -4.48   -5.91   -4.86   -4.02   -6.70   -4.40   -4.68   -5.50   -6.48   -6.39   -4.09   -4.27   -3.63   -6.39   -7.15
196903    1.86    3.99    2.73    3.20    4.52    2.25    3.38    2.59    3.30    4.90    3.62    2.52    1.87    1.44    4.35    2.25    3.09    4.10    2.20
196904    2.36    3.33    1.92    0.28    3.87    1.92    0.87    1.98    0.59    4.01    3.52    1.79    2.10    2.56    0.06    3.36   -0.06    0.96    0.07
196905    0.63   -0.54    0.44    1.75   -0.22   -1.25    0.74    1.12    1.76   -0.44    0.32   -1.46   -0.95   -0.79    1.50    0.71    1.74    2.18    1.17
196906  -15.50   -3.56   -7.60   -8.24   -2.55   -7.42   -8.18   -6.50   -9.38   -1.05   -6.16   -6.52   -8.74   -9.08   -7.74   -6.19   -6.96   -9.87   -8.69
196907  -12.48   -5.41   -6.79   -6.82   -4.77   -6.63   -7.23   -5.92   -7.46   -4.88   -4.58   -6.91   -6.19   -7.76   -6.66   -6.41   -5.72   -8.06   -6.00
196908    2.25    7.09    5.13    2.92    7.74    5.95    5.11    2.78    3.13    7.93    7.40    5.52    6.62    5.27    4.95    3.29    2.57    3.40    2.51
196909    0.53   -0.36   -3.37   -4.08    0.17   -2.15   -3.91   -3.62   -4.10    0.50   -0.42   -1.66   -2.90   -2.49   -5.42   -2.57   -4.06   -4.33   -3.55
196910   13.53    6.65    6.81    3.24    6.82    5.89    7.20    4.27    3.48    5.85    8.55    6.25    5.35    7.12    7.28    7.71    2.81    2.39    6.05
196911   -9.92   -2.19   -4.23   -3.60   -1.69   -3.75   -4.15   -2.44   -4.80   -1.09   -2.73   -3.46   -4.21   -3.65   -4.71   -4.48   -1.54   -4.37   -5.79
196912  -10.61    0.09   -2.45   -3.09    0.53   -1.47   -2.53   -3.51   -2.62    0.15    1.21   -1.03   -2.15   -2.68   -2.36   -2.64   -3.88   -1.96   -4.12
197001   -2.92   -8.24   -7.03   -7.31   -8.16   -7.57   -7.31   -6.71   -7.85   -8.43   -7.68   -8.46   -6.15   -7.57   -7.03   -7.44   -6.40   -8.84   -5.52
197002    4.79    3.71    7.27    7.01    3.09    5.45    8.08    7.68    6.50    1.87    5.24    5.33    5.64    7.63    8.57    7.26    7.86    6.66    6.13
197003   -2.98   -2.76    0.04    2.21   -3.50   -0.78   -0.41    2.19    2.21   -3.08   -4.21   -0.85   -0.67   -0.58   -0.24    2.10    2.22    2.27    2.07
197004  -20.70  -11.93  -10.18   -7.76  -12.54   -9.80  -10.71   -8.78   -7.56  -13.01  -11.75  -10.38   -8.89  -11.64   -9.70  -10.42   -8.08   -7.34   -8.06
197005  -17.27   -8.71   -6.37   -3.07   -8.93   -6.73   -7.11   -5.11   -2.24   -7.98  -10.54   -8.16   -4.53   -8.45   -5.69   -6.81   -4.41   -1.21   -4.64
197006  -11.27   -6.47   -4.15   -4.49   -7.83   -3.29   -4.28   -5.69   -3.53   -9.84   -4.32   -3.18   -3.45   -4.05   -4.52   -4.71   -6.09   -3.52   -3.56
197007    7.09    4.92    9.46    8.00    4.20    8.61    9.32    9.53    7.67    1.78    8.36    8.59    8.63    8.71    9.82   10.09    8.47    8.65    6.39
197008   12.66    4.08    5.59    5.47    4.25    3.99    4.47    6.80    5.68    5.39    2.40    3.24    4.66    5.64    3.53    7.66    5.17    5.27    6.23
197009   17.06    8.21    1.21    3.92    8.39    5.08    0.56    1.71    4.74    8.83    7.68    7.31    3.10    1.03    0.17    1.18    2.75    3.57    6.29
197010  -11.54   -1.18   -2.29   -1.00   -0.75   -2.82   -3.05   -0.53   -2.19   -1.14   -0.11   -3.29   -2.39   -3.12   -2.98   -1.18    0.73   -1.63   -2.92
197011   -2.83    4.49    6.08    4.91    4.63    4.81    5.63    6.35    4.58    4.25    5.25    3.76    5.77    6.04    5.29    6.86    5.38    5.71    3.11
197012    4.40    5.05    7.04    6.80    4.57    7.38    8.04    5.80    7.19    4.39    4.88    7.51    7.27    8.16    7.94    5.56    6.26    6.10    8.66
197101   25.24    4.96    5.12    3.97    4.92    5.88    6.35    2.58    5.11    4.83    5.08    5.17    6.53    5.17    7.36    2.69    2.37    3.91    6.69
197102    0.88    2.45    0.49    2.76    2.54    2.34   -1.21    2.06    2.91    2.55    2.52    2.02    2.63    0.81   -2.88    1.81    2.54    2.93    2.88
197103    9.50    5.76    3.77    2.91    6.08    5.02    3.23    2.95    3.54    7.33    4.02    4.14    5.80    5.41    1.36    3.44    2.00    2.73    4.57
197104    8.26    3.77    3.24    3.67    3.84    3.54    2.62    3.67    3.91    3.43    4.55    3.40    3.65    3.69    1.67    3.86    3.32    3.59    4.30
197105   -5.83   -2.87   -4.13   -4.64   -2.89   -2.87   -4.24   -4.52   -4.86   -2.84   -2.97   -2.80   -2.93   -3.55   -4.87   -4.62   -4.32   -5.09   -4.58
197106   -8.24    0.97    0.02   -0.34    1.08    0.61    0.53   -0.58   -0.88    1.09    1.07    0.40    0.79    0.28    0.75   -1.12    0.46   -2.07    0.59
197107   -9.15   -4.64   -3.36   -4.28   -4.85   -3.60   -3.09   -3.85   -4.32   -5.12   -4.43   -3.75   -3.40   -4.38   -2.16   -3.69   -4.22   -3.72   -5.15
197108   11.29    6.20    2.09    2.76    6.45    4.86    2.44    0.95    2.90    5.78    7.53    5.19    4.44    4.98    0.64    0.27    2.54    1.23    5.23
197109   -3.42    0.47   -0.92   -2.05    0.52   -0.07   -0.83   -1.52   -2.02    1.06   -0.34    0.30   -0.55   -0.81   -0.85   -1.27   -2.09   -1.33   -2.95
197110   -4.19   -3.98   -3.43   -4.99   -3.60   -5.05   -3.87   -2.82   -5.44   -3.97   -3.00   -5.54   -4.42   -4.90   -3.11   -2.21   -4.22   -4.49   -6.74
197111   -2.16    0.66   -0.43   -1.12    1.04   -1.37   -0.36    0.36   -1.99    1.30    0.63   -0.95   -1.92   -0.63   -0.17    0.38    0.34   -1.49   -2.69
197112    9.66    9.34    8.97    9.05    9.41    9.52    9.00    7.96   10.11    8.99   10.07    9.07   10.12    9.69    8.50    8.23    7.31    9.82   10.53
197201   13.85    2.92    0.69    5.57    3.23    1.44    1.11    1.24    6.10    4.63    1.01    1.56    1.28    1.39    0.91   -0.23    4.69    5.56    6.85
197202    4.06    4.77    1.33    1.66    4.80    3.75    1.44    1.04    1.22    4.19    5.79    4.66    2.56    1.55    1.36    0.43    2.40    0.69    1.96
197203   -1.67    2.27   -0.43   -0.92    2.52    1.52   -0.24   -1.68   -1.14    3.50    0.94    1.17    1.98    0.78   -0.99   -2.20   -0.55   -2.71    0.99
197204    3.65    0.97    0.18   -0.54    0.80    1.35    0.48   -0.79   -0.28    0.94    0.57    1.72    0.86    2.57   -1.09   -0.70   -0.99   -0.24   -0.34
197205   -0.08    2.69    1.10   -0.52    3.22    0.43    1.16    0.89   -0.70    2.73    4.02    0.36    0.51   -0.04    2.09    1.40   -0.21    1.04   -3.00
197206   -8.55   -1.28   -2.17   -3.82   -0.92   -2.32   -3.03   -1.93   -4.23   -0.09   -2.27   -2.96   -1.48   -4.18   -2.15   -1.37   -3.15   -3.69   -4.97
197207   -2.39    0.54   -1.45   -0.90    1.38   -2.27   -1.26   -0.34   -2.06    1.13    1.57   -2.75   -1.55   -0.86   -1.77   -1.75    0.30   -2.08   -2.01
197208    0.77    0.60    5.48    7.48    0.08    3.60    5.61    6.46    8.25   -0.62    0.63    2.76    4.85    5.88    5.27    5.91    6.71    9.38    6.00
197209   -5.85   -0.39   -2.06    0.12   -0.01   -2.42   -1.70    0.55   -1.20    0.40   -0.34   -1.87   -3.21   -2.09   -1.18   -1.56    1.47   -0.74   -2.13
197210    1.82    0.46    1.17    1.55    0.56    0.20    1.70    0.93    2.12    1.63   -0.28    0.05    0.41    1.11    2.46    0.81    0.99    2.62    1.08
197211    1.51    2.15    7.41    7.58    1.35    5.66    7.98    7.65    7.56    0.20    2.26    5.47    5.93    7.23    8.94    7.78    7.59    7.03    8.67
197212   -4.56    2.93   -0.66   -0.30    3.26    1.01   -0.12   -0.30   -1.31    4.28    2.46    1.62    0.10    0.10   -0.40   -2.71    0.72   -1.20   -1.55
197301   -6.10   -2.27   -4.83   -0.58   -1.55   -4.86   -5.04   -2.26    0.07   -4.59    0.88   -5.17   -4.40   -4.55   -5.65   -4.82   -1.22    1.30   -2.52
197302   -6.17   -3.07   -4.95   -5.04   -2.74   -4.97   -4.79   -4.15   -6.05   -2.71   -2.76   -4.47   -5.70   -4.91   -4.64   -4.45   -4.03   -6.80   -4.43
197303   -1.91   -1.07   -0.65    0.40   -0.81   -1.83    0.26    0.05   -0.07   -0.99   -0.68   -2.18   -1.30    1.26   -1.04   -2.02    0.87    0.93   -2.20
197304   -5.89   -6.37   -4.44   -1.50   -6.28   -6.25   -4.44   -1.27   -2.51   -6.64   -6.01   -6.77   -5.47   -4.55   -4.30   -3.26   -0.52   -2.83   -1.80
197305   -8.72   -0.95   -1.93   -3.55   -0.57   -2.38   -1.93   -2.10   -4.97    0.01   -1.01   -2.61   -2.05   -1.44   -2.56   -1.83   -2.20   -5.38   -4.06
197306   -6.21   -0.78   -1.93   -0.14   -0.45   -2.88   -1.75    0.27   -0.81   -0.84   -0.16   -2.27   -3.77   -0.71   -3.13   -0.31    0.48   -0.29   -1.93
197307   10.75    6.98    3.94    3.35    6.76    7.23    4.46    2.09    4.10    5.10    9.90    7.99    6.20    8.21    2.63    2.04    2.20    2.62    6.80
197308   -5.63   -3.23   -3.16   -2.70   -3.57   -2.29   -3.18   -2.93   -2.90   -3.38   -3.91   -1.65   -3.17   -1.43   -4.08   -3.13   -2.39   -2.55   -3.50
197309   10.41    2.35    9.02    8.67    0.79    9.63    9.32    8.49    8.16   -1.34    4.65    9.43    9.91    9.61    9.16    8.13    9.45    8.12    8.24
197310    4.18    0.49   -1.20   -1.09    0.22    1.30   -0.46   -2.32   -2.03    0.67   -0.54    1.59    0.90    1.18   -1.32   -3.35    0.37   -1.04   -3.78
197311  -21.58  -12.25  -11.96  -12.67  -11.94  -13.87  -11.37  -11.35  -13.35  -11.60  -12.53  -13.53  -14.34  -12.23  -10.91  -11.24  -11.63  -12.35  -15.19
197312   -3.60   -1.25    4.85    2.48   -2.28    3.37    5.61    4.54    1.06   -2.57   -1.76    3.08    3.77    3.87    6.55    4.53    4.56    1.79   -0.31
197401   17.56   -1.75    0.82    6.26   -1.38   -1.61   -0.66    3.14    7.87   -2.45    0.49   -3.24    0.66    1.45   -1.76    2.81    3.98    7.04    9.47
197402    5.49   -0.75    0.53    2.16   -1.52    1.55   -0.35    1.95    1.76   -2.05   -0.61    2.33    0.51    1.04   -1.11    1.63    2.75    1.59    2.10
197403   -2.22   -1.86   -2.83   -2.23   -1.73   -2.32   -2.73   -3.25   -1.59   -1.24   -2.54   -2.36   -2.27   -2.07   -3.10   -3.28   -3.18   -2.62    0.35
197404   -7.20   -3.56   -5.24   -6.14   -3.22   -5.44   -5.04   -5.15   -6.39   -3.19   -3.29   -4.89   -6.21   -5.33   -4.88   -4.90   -5.76   -8.20   -3.09
197405   -8.73   -1.95   -5.06   -5.73   -0.86   -6.55   -6.43   -3.63   -5.00   -0.64   -1.23   -6.32   -6.87   -6.97   -6.13   -2.35   -6.80   -5.70   -3.78
197406   -2.77   -1.60   -2.22   -3.53   -1.56   -2.48   -2.54   -1.60   -4.04   -1.86   -1.05   -1.78   -3.46   -2.16   -2.76   -1.15   -2.76   -3.83   -4.39
197407   -8.88  -10.13   -2.51   -6.72  -10.87   -3.77   -3.33   -3.52   -4.49  -12.55   -7.28   -4.69   -3.25   -3.28   -3.37   -0.03   -8.97   -4.22   -4.77
197408   -8.36  -10.11   -6.72   -5.88   -9.77   -8.17   -7.49   -6.18   -7.31   -9.21  -10.91  -12.46   -5.81   -8.28   -6.64   -7.24   -4.36   -6.90   -7.74
197409  -11.05  -13.91   -6.54   -8.49  -14.82   -7.11   -6.08   -7.33   -8.11  -16.68  -10.98   -7.38   -6.97   -6.21   -5.95   -6.39   -8.89   -8.24   -7.98
197410   15.74   21.55   13.29    3.55   22.31   15.73   11.63    8.40    4.88   22.71   21.53   16.55   15.31   11.09   12.19   12.05    2.18    7.10    2.50
197411   -6.88   -3.97   -3.68   -5.09   -4.25   -3.30   -3.98   -3.59   -5.04   -4.84   -3.11   -2.03   -3.96   -3.11   -4.87   -2.76   -5.14   -4.53   -5.61
197412  -12.83   -3.70   -0.61   -2.71   -3.76   -0.85   -2.19   -0.84   -3.58   -4.04   -3.23   -3.24    0.43   -2.35   -2.02   -0.34   -1.79   -3.60   -3.55
197501   36.79   10.71   16.84   24.98    9.72   14.64   20.03   20.73   26.21    9.35   10.42   17.47   13.18   18.64   21.49   19.21   23.69   26.29   26.13
197502    8.02    8.49    3.32    1.73    9.26    4.36    3.30    1.61    0.52   11.28    5.45    3.60    4.76    4.07    2.50    0.87    3.01    1.41   -0.47
197503    6.42    3.26    1.75    7.48    2.97    2.10    3.59    3.30    8.39    2.84    3.21    5.23    0.44    3.02    4.19    1.54    6.53    7.32    9.60
197504    6.95    5.79    3.04    3.86    5.82    3.87    3.49    3.11    3.71    5.25    6.96    5.55    2.93    2.18    4.83    2.59    4.01    4.52    2.81
197505    6.57    5.55    5.76    6.17    5.60    5.42    6.42    5.25    6.98    5.51    5.79    5.23    5.53    6.90    5.94    5.22    5.30    7.60    6.29
197506    7.90    4.14    6.34    8.21    3.66    6.23    7.23    7.58    6.94    2.52    5.88    7.37    5.58    8.21    6.27    6.42    9.59    6.52    7.42
197507   -4.38   -7.46   -4.37   -3.84   -7.80   -5.39   -5.12   -3.45   -3.76   -8.87   -6.13   -6.21   -3.99   -4.64   -5.46   -2.91   -3.91   -3.67   -3.89
197508   -7.86   -2.79   -1.46   -1.74   -2.87   -2.38   -1.27   -1.23   -2.04   -3.48   -1.93   -2.53   -2.12   -2.07   -0.67   -0.97   -1.46   -0.31   -4.77
197509   -6.11   -4.13   -2.67   -2.95   -4.70   -2.29   -2.67   -2.30   -3.87   -4.34   -5.22   -2.00   -2.78   -2.59   -2.73   -2.50   -2.12   -3.46   -4.56
197510    0.57    7.62    3.97    2.84    8.33    4.17    4.35    4.15    2.06    8.72    7.74    5.05    2.69    5.57    3.46    4.85    3.54    3.19    0.18
197511    1.20    3.55    2.26    2.93    3.55    3.43    1.78    2.09    3.89    4.03    2.83    3.53    3.25    2.73    1.08    2.11    2.07    4.44    2.95
197512    0.72   -2.11    0.54    0.34   -2.79    0.11    1.14    0.25    0.54   -3.39   -1.86    0.41   -0.43    0.13    1.90    0.35    0.16    0.58    0.49
197601   27.02   11.06   12.85   19.68   11.35   11.08   11.63   16.77   22.09   11.08   11.77   10.01   12.95   12.78   10.78   15.93   17.50   21.60   22.94
197602   17.05   -0.88    1.57    4.14   -1.51    1.46    1.03    2.53    6.39   -3.17    0.99    1.44    1.47    1.93    0.35    3.12    2.03    4.85    9.03
197603    5.98    2.95    2.47    2.14    3.05    2.43    2.81    2.79    0.87    3.38    2.58    2.61    2.13    1.46    3.85    2.10    3.39    0.77    1.03
197604   -1.80   -1.79   -0.02   -0.03   -2.31   -0.01   -0.17    0.68   -0.93   -3.20   -1.00    0.05   -0.13    0.39   -0.58    0.50    0.84   -0.58   -1.50
197605   -4.98   -1.89    0.97   -0.63   -1.83   -1.16    1.69   -0.21   -0.99   -1.48   -2.34   -2.08    0.44   -0.09    3.03   -0.12   -0.29   -1.48   -0.19
197606    4.80    4.55    4.32    5.70    4.48    4.73    4.23    5.10    5.51    5.00    3.73    4.82    4.57    3.23    4.95    4.20    5.87    5.50    5.52
197607    2.57   -1.31    0.33   -0.63   -1.26   -0.54    0.52   -0.04   -0.85   -1.72   -0.86   -1.51    0.14    0.91   -0.30    0.28   -0.41   -1.03   -0.62
197608   -5.93   -0.17    0.60   -1.33   -0.08    0.21    0.72   -0.45   -1.55   -0.10   -0.07   -0.53    0.73    0.79    0.56    0.12   -1.13   -1.07   -2.17
197609   -1.11    2.13    2.98    3.29    2.17    1.72    3.90    3.53    3.31    0.78    3.35    1.97    1.54    4.19    3.27    3.74    3.27    3.14    3.54
197610   -4.52   -2.39   -1.70   -1.83   -2.58   -0.97   -2.63   -1.77   -1.95   -3.08   -2.17   -1.60   -0.53   -2.73   -2.41   -1.83   -1.70   -1.68   -2.32
197611    2.52   -0.64    1.74    2.79   -1.21    1.73    1.71    1.95    3.61   -2.02   -0.55    1.79    1.70    1.06    3.10    1.90    2.01    3.77    3.40
197612   10.67    4.62    6.69    9.00    4.40    5.71    7.00    8.22    9.09    2.52    5.94    5.52    5.83    6.60    7.84    7.63    8.91    9.10    9.09
197701    0.54   -6.90   -1.47    0.87   -7.38   -3.73   -0.77   -0.15    1.84   -9.94   -5.35   -4.91   -2.95   -1.01   -0.26   -0.22   -0.07    1.35    2.50
197702   -4.14   -1.75   -1.53   -1.54   -1.62   -1.15   -2.19   -1.98   -1.28   -1.91   -1.41   -2.26   -0.41   -2.24   -2.08   -2.14   -1.80   -1.47   -1.02
197703   -1.18   -1.81   -0.59    0.60   -1.83   -1.11   -0.58   -0.24    1.29   -2.38   -1.42   -1.72   -0.71   -1.06    0.40   -0.38   -0.08    1.85    0.54
197704    2.20   -1.33    1.78    2.52   -1.92    0.85    2.28    2.19    3.39   -3.89   -0.45    1.07    0.70    2.19    2.46    2.65    1.64    3.35    3.46
197705   -2.11   -1.88   -0.38   -0.04   -2.20   -0.68    0.40   -0.97    0.35   -2.88   -1.72   -0.61   -0.72    0.20    0.81   -1.42   -0.44    0.59    0.03
197706    5.40    6.17    3.84    5.22    6.27    3.93    4.65    4.34    5.81    6.51    6.10    5.79    2.71    4.68    4.58    4.10    4.63    4.85    7.10
197707    0.63   -1.20   -1.30   -1.52   -1.03   -1.82   -1.35   -0.42   -1.83   -0.30   -1.92   -1.90   -1.78   -1.69   -1.04   -0.02   -1.03   -2.08   -1.57
197708   -1.52    0.71   -2.98   -2.43    1.19   -2.33   -2.49   -3.58   -2.58    3.06   -1.14   -1.20   -2.91   -3.03   -2.01   -4.46   -2.19   -2.63   -2.52
197709   -1.12   -1.11    1.07    1.29   -1.27    0.69    0.74    1.37    1.33   -1.66   -0.76   -0.43    1.28   -0.27    1.61    1.46    1.23    0.71    1.96
197710   -6.42   -4.41   -3.52   -3.08   -4.30   -4.20   -3.73   -2.49   -3.10   -4.26   -4.36   -4.88   -3.86   -4.02   -3.49   -2.13   -3.05   -2.55   -3.66
197711    7.76    4.52    3.75    6.45    4.10    4.00    4.41    4.99    6.48    4.31    3.84    6.23    2.86    4.84    4.05    4.07    6.41    6.38    6.59
197712   -0.37    0.57    0.82    0.80    0.64    1.34    0.06   -0.03    1.67    0.71    0.55    0.30    1.89    0.40   -0.22    0.32   -0.57    1.88    1.45
197801    0.44   -5.84   -5.75   -4.16   -5.86   -5.67   -6.14   -4.91   -3.82   -5.46   -6.38   -5.75   -5.62   -6.66   -5.70   -5.03   -4.72   -3.78   -3.87
197802    1.45   -2.83    0.43    0.73   -3.15    0.01    0.23    0.07    1.11   -3.26   -3.00   -1.54    0.81   -0.23    0.62    0.05    0.11    1.26    0.96
197803   10.26    2.43    3.64    5.13    1.69    3.86    4.06    4.15    5.49   -0.19    4.17    5.39    3.07    3.16    4.82    3.90    4.55    4.74    6.24
197804    9.02   11.29    6.27    7.08   11.69    7.15    7.07    5.54    7.81   13.10    9.91    9.76    5.79    7.12    7.02    5.33    5.87    7.41    8.20
197805    8.66    2.49    1.34    3.83    2.25    2.41    0.71    2.38    4.16    1.75    2.91    3.44    1.86    1.08    0.41    1.81    3.27    4.45    3.87
197806   -1.05   -1.03   -1.65   -0.53   -1.03   -1.77   -1.46   -0.65   -0.69   -0.71   -1.44   -1.02   -2.19   -1.72   -1.24   -0.91   -0.25    0.43   -1.82
197807    6.35    7.05    4.13    6.18    7.24    4.90    4.13    5.01    6.42    7.88    6.46    6.58    3.71    4.11    4.15    4.75    5.54    6.70    5.95
197808    6.85    3.99    4.35    4.88    3.98    4.53    3.64    4.62    4.95    3.32    4.77    4.02    4.91    3.08    4.23    4.59    4.69    4.52    5.68
197809    0.61   -2.48    0.77   -0.84   -2.82    0.11   -0.49    0.99   -0.91   -2.67   -3.00   -1.62    1.37   -1.34    0.42    1.77   -0.66   -0.73   -1.23
197810  -23.90  -11.04   -9.79  -14.15  -10.69  -10.10  -10.63  -11.09  -14.43  -10.47  -10.94  -11.92   -8.82  -10.41  -10.86  -10.01  -13.43  -12.43  -17.79
197811    3.50    3.56    3.40    3.38    3.47    3.38    3.39    3.58    3.61    4.25    2.52    3.82    3.08    3.68    3.09    3.93    2.79    2.20    6.12
197812   -0.50    2.99    0.63    1.14    3.79    0.40    1.00    0.97    1.21    5.45    1.78    0.93    0.04    0.64    1.37    0.97    0.97    0.52    2.37
197901   15.55    4.12    4.89    6.62    3.43    5.24    5.04    5.69    6.30    2.90    4.10    5.96    4.74    5.57    4.48    4.92    7.44    5.58    7.50
197902   -5.20   -3.55   -2.27   -3.32   -3.49   -2.45   -3.05   -2.63   -3.19   -3.37   -3.64   -3.70   -1.56   -2.71   -3.41   -2.18   -3.66   -3.24   -3.12
197903   11.36    6.27    5.78    8.14    6.27    5.41    6.13    6.72    8.69    6.39    6.12    6.26    4.82    5.74    6.55    6.71    6.72    8.26    9.38
197904   -0.26    0.21    0.93    1.35    0.19   -0.38    1.79    2.03    1.33    0.26    0.09    0.26   -0.82    1.70    1.88    2.29    1.41    0.90    2.01
197905   -2.62   -1.96   -1.38   -0.55   -2.38   -0.93   -0.97   -2.14   -0.29   -2.19   -2.63   -0.85   -0.99   -1.53   -0.39   -2.53   -1.25   -0.31   -0.25
197906    4.57    3.11    5.59    5.62    2.81    4.23    5.79    6.52    5.66    1.84    4.05    3.89    4.47    5.79    5.79    6.96    5.53    4.50    7.51
197907   -0.69    0.51    2.02    2.98   -0.35    1.54    3.66    2.21    2.60   -1.28    1.07    2.83    0.88    3.71    3.60    1.06    3.70    1.39    4.67
197908    7.73    6.91    5.79    6.13    7.05    5.80    5.35    7.22    5.93    6.45    7.95    6.55    5.41    5.45    5.24    7.79    6.50    5.84    6.07
197909   -2.08   -0.88    0.81   -0.61   -1.03    0.22    1.37   -0.20   -0.64   -1.47   -0.39   -0.47    0.58    0.39    2.45    0.08   -0.56   -0.13   -1.48
197910   -9.74   -6.99   -6.14   -9.93   -6.94   -5.42   -7.28   -7.84  -10.73   -6.86   -7.04   -7.13   -4.54   -7.57   -6.98   -7.37   -8.44  -10.18  -11.64
197911   13.20    7.22    5.73    4.77    7.63    5.23    6.13    6.74    4.02    7.78    7.41    6.14    4.78    5.17    7.16    7.19    6.15    3.56    4.81
197912   11.96    3.51    1.64    2.83    3.40    1.31    2.83    3.24    2.31    3.04    3.94    3.79    0.04    2.39    3.30    2.83    3.77    1.64    3.43
198001   20.99    5.61    6.13    6.44    4.33    7.00    5.82    6.17    7.43    4.59    3.97    9.01    5.94    5.80    5.84    7.32    4.69    7.82    6.78
198002   -2.05   -2.46    2.51   -4.59   -2.36    1.28    1.73   -0.78   -4.66   -2.32   -2.42   -2.73    3.48    0.31    3.19    1.99   -4.44   -3.81   -6.09
198003  -19.39  -10.86  -11.52  -11.00  -10.42  -10.78  -12.13  -12.00  -11.54  -11.49   -8.86  -11.98  -10.16  -12.58  -11.68  -13.39  -10.03  -11.24  -12.04
198004    5.69    3.98    6.13    4.28    4.21    4.82    6.59    6.14    3.51    3.22    5.63    3.37    5.55    6.86    6.31    6.50    5.65    3.42    3.66
198005    1.91    6.03    5.50    7.27    6.01    5.36    6.21    6.07    7.15    5.87    6.21    6.08    5.00    6.04    6.39    5.06    7.48    6.33    8.58
198006    2.27    3.41    3.55    2.88    3.44    2.98    3.74    4.01    3.00    3.21    3.76    3.33    2.80    3.76    3.71    5.00    2.68    2.77    3.39
198007    8.02   10.71    5.18    5.04   11.82    7.62    4.40    4.00    6.07   13.40   10.79    8.26    7.08    5.31    3.83    4.18    3.86    4.53    8.55
198008    4.31    3.08    1.57    2.43    3.62    2.11    2.10    0.45    3.24    5.24    2.53    1.85    2.32    1.29    2.61   -0.97    1.49    3.41    2.98
198009   -0.45    4.27    2.69    1.94    4.36    4.51    1.36    2.01    2.23    6.94    2.58    4.08    4.87    3.72   -0.13    2.57    1.59    1.91    2.71
198010    1.44    2.29    1.89    2.15    2.09    4.15   -0.04    2.24    1.35    3.13    1.34    2.74    5.32    1.36   -0.94    1.02    3.12    1.31    1.41
198011    6.96   12.10    9.87   10.64   12.45   11.96    8.62   11.55    7.99   16.34    9.61   11.30   12.50   12.39    6.13    8.43   13.81    8.82    6.71
198012   -5.08   -2.71   -2.66   -4.19   -2.00   -4.86   -1.10   -4.00   -3.07   -2.12   -1.90   -4.40   -5.23   -2.24   -0.33   -1.87   -5.47   -2.70   -3.66
198101    2.06   -6.04   -3.27   -2.96   -6.42   -5.48   -1.65   -2.97   -2.93   -8.20   -5.04   -5.11   -5.77   -4.96    0.56   -2.94   -2.98   -3.18   -2.54
198102    2.66    1.97    2.16    1.25    1.91    2.92    1.80    0.08    2.59    1.26    2.39    2.11    3.57    1.94    1.71    0.63   -0.32    2.29    3.06
198103   11.26    4.50    4.51    3.94    4.54    4.45    4.44    2.48    6.52    6.55    3.04    4.42    4.48    4.35    4.50    4.75    0.84    5.06    8.78
198104   -1.73   -1.30   -1.84    0.96   -1.30   -3.12   -0.03    0.25    0.40    0.34   -2.59   -1.28   -4.58   -2.32    1.41   -1.64    1.67    1.23   -0.84
198105    2.58    1.86    0.86    0.37    2.76   -1.27    2.72    0.00    1.25    4.51    1.36   -0.30   -2.06    1.69    3.34    1.01   -0.73    1.34    1.11
198106   -8.25   -4.12    1.10    1.19   -5.56    0.32    1.05    1.94    0.21   -7.76   -3.73   -0.59    1.10    0.85    1.17    1.26    2.44    0.89   -0.81
198107   -4.13    0.66   -0.37   -0.53    0.48   -0.25   -0.14    0.55   -1.64    1.32   -0.21    0.92   -1.83   -0.31    0.11    0.91    0.38   -1.26   -2.05
198108  -10.09   -7.49   -5.85   -3.47   -8.69   -5.89   -5.86   -3.84   -3.92   -9.92   -7.66   -5.60   -6.29   -6.17   -5.39   -5.27   -3.11   -3.34   -4.55
198109   -6.95   -7.31   -5.88   -3.25   -8.36   -5.38   -6.19   -4.04   -3.64  -10.46   -6.65   -5.71   -4.92   -6.82   -5.25   -6.31   -2.95   -3.38   -3.92
198110   -8.95    8.30    6.63    4.32   10.91    5.44    7.15    3.54    5.95   12.09    9.99    4.38    6.91    7.63    6.46    4.72    3.04    6.13    5.76
198111    1.14    3.95    4.27    5.01    2.55    5.25    4.69    4.19    5.60    1.09    3.70    6.17    4.00    4.88    4.41    3.41    4.53    5.89    5.28
198112   -0.99   -3.01   -2.26   -3.12   -3.39   -2.08   -2.64   -2.89   -2.97   -3.58   -3.24   -2.43   -1.61   -3.08   -1.98   -2.10   -3.23   -3.18   -2.74
198201   -0.70   -2.58   -2.95   -1.08   -3.50   -1.54   -3.31   -1.41   -1.65   -5.14   -2.22   -1.19   -2.03   -2.77   -4.11   -3.26   -0.62   -1.09   -2.25
198202   -2.70   -7.49   -4.77   -1.81   -8.30   -5.81   -5.26   -2.82   -0.49   -9.91   -7.07   -6.30   -5.14   -6.08   -4.03   -2.71   -2.87   -0.91   -0.03
198203    6.35   -3.12   -0.08    0.80   -3.98   -0.78   -0.71    1.09    0.29   -4.39   -3.68   -1.84    0.62   -0.91   -0.43    0.76    1.23    0.96   -0.46
198204    3.49    6.64    4.42    2.26    6.07    6.03    4.39    2.03    3.96    5.99    6.13    7.45    4.21    4.37    4.42    4.81    0.84    4.07    3.85
198205    0.70   -3.92   -3.02   -1.46   -4.89   -3.17   -2.30   -1.16   -3.08   -5.24   -4.64   -2.53   -4.01   -2.24   -2.39   -3.62   -0.07   -3.88   -2.19
198206    3.03   -3.34   -0.59   -2.23   -4.12   -1.27   -0.91   -1.86   -2.05   -5.87   -2.88   -2.25    0.06    0.03   -2.26   -0.65   -2.38   -1.27   -2.88
198207   -2.86   -0.63   -2.30   -3.67   -1.84    0.18   -3.05   -2.69   -3.68   -2.34   -1.45    1.29   -1.15   -4.59   -1.55   -1.52   -3.65   -3.92   -3.35
198208   12.09   11.29   11.92   12.56   11.87   11.36   11.68   12.22   12.55   11.85   11.89   10.40   12.55   13.00   10.43   11.76   12.59   12.37   12.79
198209    0.76    2.15    1.42    2.12    1.38    2.14    1.31    2.27    2.31    1.38    1.39    3.36    0.66    0.83    1.78    2.89    1.75    2.38    2.21
198210   20.86   13.66   11.70    9.50   15.34   12.59   10.50   12.04    7.92   20.21   11.52   11.04   14.53   10.49   10.51   11.36   12.62    6.97    9.25
198211   10.00    7.84    4.49    2.78    8.86    6.40    4.06    3.30    2.23   11.39    6.71    6.19    6.65    3.09    4.97    2.65    3.85    1.51    3.20
198212    5.06    1.81    0.18    1.79    0.61    1.81    0.33    0.38    2.72    0.29    0.89    3.76   -0.54    1.54   -0.81    0.81    0.03    2.76    2.67
198301    5.97    3.91    4.24    3.85    5.22    1.24    6.47    3.32    3.98    7.19    3.45    1.85    0.48    4.92    7.95    2.97    3.62    3.23    4.97
198302    4.22    3.29    2.94    3.82    2.97    4.34    1.91    4.05    3.31    3.14    2.82    3.81    5.02    3.02    0.88    3.16    4.81    2.98    3.75
198303    3.73    2.88    3.63    4.53    2.48    3.29    2.93    5.87    4.28    1.79    3.11    3.53    2.97    2.63    3.22    6.90    5.01    3.80    4.90
198304   14.78    6.47    7.83    7.63    5.91    8.07    7.12    7.78    7.81    7.44    4.51    7.38    8.95    7.45    6.81    8.35    7.28    8.13    7.39
198305    2.67    1.62    0.01    0.83    3.06   -1.06    0.44    0.27    1.46    5.28    0.97   -0.64   -1.58    1.39   -0.47    1.03   -0.38    2.18    0.55
198306    8.28    5.81    3.48    1.29    5.48    5.09    3.28    2.75    1.14    5.32    5.64    6.34    3.49    5.36    1.25    4.09    1.58    0.46    2.02
198307   -3.53   -5.18   -3.13   -1.53   -5.73   -3.29   -3.81   -2.91   -0.09   -6.22   -5.33   -3.85   -2.97   -4.09   -3.50   -1.93   -3.48   -0.02   -0.24
198308   -1.52   -2.23    0.25    3.47   -3.02   -0.38    0.31    2.81    3.31   -3.97   -2.24   -0.39   -0.38   -0.98    1.75    1.30    3.69    3.72    2.52
198309    0.67    1.77    2.55    1.01    1.83    2.66    2.06    1.63    0.86    1.03    2.48    1.66    3.23    2.96    1.08    2.38    1.21    0.30    1.93
198310   -4.70   -5.57   -1.16   -0.94   -6.82   -1.55   -1.28   -1.82   -0.11   -9.36   -4.76   -2.73   -0.90   -1.34   -1.22   -1.36   -2.09    0.86   -1.98
198311    4.28    4.10    2.45    1.68    5.28    0.95    3.83    2.80    0.93    8.22    3.03    1.53    0.63    4.05    3.59    2.90    2.74    1.24    0.32
198312   -1.31   -1.57   -0.67   -0.60   -1.42   -0.95   -0.79   -1.09   -0.15   -3.44    0.23   -1.90   -0.41   -0.63   -0.98   -0.87   -1.21    0.64   -1.72
198401    0.09   -5.64   -2.69    4.68   -6.73   -3.67   -2.35    3.44    3.75   -7.94   -5.79   -3.13   -3.96   -2.88   -1.75   -0.99    5.98    4.64    1.94
198402   -8.39   -5.98   -4.31   -1.32   -6.58   -3.83   -5.00   -3.08   -0.58   -6.75   -6.44   -4.69   -3.36   -4.48   -5.59   -4.52   -2.30    0.42   -2.58
198403    3.32    0.92    2.34   -0.15    0.70    1.78    2.62   -0.12    0.80   -0.51    1.63    1.40    1.99    2.89    2.31    2.39   -1.43    1.33   -0.31
198404   -4.24    0.41    0.45    1.51    0.02    0.43    0.68    1.04    1.75   -1.44    1.11    1.26   -0.01    1.19    0.11    0.79    1.18    2.47    0.25
198405   -9.35   -6.28   -4.22   -4.53   -6.50   -4.47   -4.69   -5.11   -3.70   -6.00   -6.86   -5.83   -3.73   -4.80   -4.56   -4.07   -5.67   -3.40   -4.34
198406   -0.39    4.27    2.95    2.47    4.04    3.26    3.83    4.21    0.23    4.38    3.79    4.76    2.45    3.36    4.37    1.94    5.46    0.94   -1.17
198407   -9.21   -2.93   -0.97   -1.98   -3.18   -2.65   -0.34   -1.99   -1.46   -5.17   -1.18   -2.28   -2.93    0.66   -2.05   -0.93   -3.08   -3.15    1.52
198408   13.09   12.90   10.87   10.74   13.49   11.06   10.81   10.91   10.72   14.39   12.61   11.39   10.81   10.45   11.45   11.03   10.79   11.96    8.63
198409   -2.40   -3.74   -0.66    3.43   -4.99   -1.66   -0.83    1.33    4.28   -4.81   -5.15   -0.50   -2.57   -0.61   -1.20    1.05    1.62    3.38    5.83
198410   -4.62   -1.18    0.48    1.21   -1.40   -0.01    0.89    0.70    0.92   -2.32   -0.50   -0.62    0.45    1.03    0.64   -0.41    1.85   -0.31    3.01
198411   -4.14   -3.07   -1.19    0.47   -3.44   -1.12   -1.55   -0.66    0.86   -3.71   -3.18   -2.13   -0.37   -1.61   -1.45   -0.96   -0.37    0.10    2.08
198412   -0.15    2.17    2.69    2.66    1.75    2.97    2.59    2.78    2.64    0.69    2.75    3.24    2.77    2.55    2.68    2.86    2.70    2.30    3.18
198501   11.23   11.88    8.92    6.12   12.07   10.64    8.97    8.06    5.19   14.40    9.91   11.38   10.10    9.41    8.19    7.99    8.13    5.64    4.48
198502    1.35    0.40    2.04    2.55    0.07    1.06    2.07    3.57    1.68    0.12    0.02    1.23    0.94    1.65    2.82    2.78    4.37    2.27    0.74
198503   -1.29   -3.39   -0.26    1.80   -3.78   -0.75   -1.21    1.54    1.85   -5.52   -2.09   -2.43    0.50   -1.79   -0.20    1.36    1.72    0.62    3.85
198504   -3.05   -2.06   -0.99    1.71   -2.57   -1.33   -0.81   -0.40    2.51   -2.26   -2.86   -0.82   -1.69   -0.99   -0.50   -0.89    0.08    2.96    1.79
198505    1.93    5.47    6.96    4.99    5.22    6.17    6.51    7.15    4.57    4.64    5.77    6.08    6.24    5.76    7.83    8.45    5.88    3.69    6.00
198506   -0.78    1.90    1.17    2.49    1.61    1.73    0.73    2.32    2.49    1.20    1.99    2.60    1.11    0.46    1.19    2.16    2.48    1.27    4.29
198507    4.04   -0.38    0.82   -2.00    0.56   -0.89    1.91   -1.05   -2.17    0.02    1.01   -1.96    0.11    2.93    0.49   -0.52   -1.67   -2.40   -1.93
198508   -1.42   -1.38   -0.74    0.64   -1.37   -1.25   -1.03    0.48    0.50   -1.82   -1.00   -1.39   -1.12   -1.95    0.29    0.11    0.91    1.75   -0.83
198509   -7.88   -4.85   -3.00   -3.94   -4.99   -3.99   -3.28   -3.05   -3.88   -5.90   -4.24   -4.62   -3.39   -3.48   -3.00   -2.18   -4.06   -3.49   -4.30
198510    1.59    4.53    4.24    5.72    5.04    3.18    4.02    5.42    6.11    5.44    4.71    3.69    2.70    3.79    4.35    5.81    4.96    5.96    6.27
198511    6.04    8.63    7.61    5.18    7.78    9.76    7.56    6.40    4.46    6.63    8.73   10.07    9.46    7.78    7.25    6.24    6.59    2.76    6.33
198512    2.39    4.33    5.02    4.54    3.91    4.91    6.23    4.30    3.88    3.63    4.14    5.04    4.79    7.97    3.70    2.99    5.79    3.33    4.47
198601    3.69    1.02    0.26    1.88    2.11    0.04    0.32    1.19    1.37    1.98    2.22   -0.77    0.83   -0.42    1.48   -0.31    2.84   -0.67    3.52
198602    5.05    8.23    7.04    8.42    7.16    8.96    6.14    8.51    8.07    6.09    8.04   10.02    7.94    5.08    7.72    7.99    9.08    6.61    9.55
198603    6.10    5.08    5.67    5.58    5.09    6.33    4.45    6.00    5.55    6.04    4.33    5.06    7.59    3.28    6.14    6.33    5.65    4.67    6.41
198604   -1.66   -0.03   -0.05   -2.51    0.44    0.24   -0.21   -1.16   -3.07    1.27   -0.24   -0.79    1.23    1.13   -2.12   -0.84   -1.51   -1.12   -5.02
198605    2.78    6.04    5.06    4.97    5.98    5.69    3.68    6.65    4.46    6.88    5.23    6.13    5.27    2.86    4.89    7.40    5.85    5.87    2.99
198606   -2.83    1.03    1.66    2.45   -0.36    2.81    0.90    3.05    1.74    0.94   -1.46    3.33    2.30   -0.06    2.28    2.47    3.68    2.11    1.33
198607   -9.93   -7.17   -7.25   -2.31   -8.62   -5.94   -7.42   -4.94   -2.01   -9.43   -7.61   -4.70   -7.01   -7.99   -6.46   -7.11   -3.02   -1.60   -2.56
198608    6.48    5.65    6.16    8.07    6.15    4.45    6.40    6.77    9.12    7.12    4.96    4.83    4.11    5.96    7.10    8.23    5.53    9.64    8.41
198609   -5.34   -9.75   -7.82   -8.07   -9.26  -10.32   -7.07   -7.97   -7.74   -8.22  -10.56  -10.58  -10.08   -6.75   -7.60   -6.91   -8.87   -7.42   -8.18
198610    4.80    6.71    5.03    4.47    5.94    7.79    3.66    5.24    4.25    5.63    6.34    7.99    7.62    2.02    6.33    5.50    5.02    4.13    4.43
198611    0.36    2.20    1.93    1.34    2.13    1.87    2.45    1.18    1.36    2.54    1.62    2.30    1.49    3.16    1.35    1.08    1.28    1.73    0.85
198612   -3.17   -2.02   -3.09   -2.86   -2.56   -2.00   -3.06   -2.92   -3.06   -2.70   -2.38   -1.14   -2.77   -2.74   -3.55   -3.58   -2.32   -3.18   -2.91
198701   11.58   15.44   12.07   11.81   15.40   13.37   12.57   10.28   12.82   15.10   15.80   15.49   11.43   11.76   13.88   11.53    9.17   13.35   12.09
198702    6.03    8.18    5.48    0.58    8.43    6.32    6.06    3.71   -0.27    8.66    8.13    7.79    4.93    6.79    4.91    4.59    2.89   -0.97    0.71
198703    2.92    1.69    2.89    1.14    1.64    2.00    3.35    1.76    1.18    3.07   -0.20    1.77    2.22    3.67    2.84    2.50    1.04    2.07   -0.06
198704    0.02   -1.65   -1.42   -2.23   -1.27   -2.52   -1.00   -2.16   -1.77   -0.65   -2.08   -2.26   -2.78   -0.43   -1.91   -0.79   -3.48   -2.26   -1.07
198705    0.98    1.96    0.47   -0.33    1.17    2.30    0.30   -0.50   -0.19    1.56    0.65    3.22    1.41    0.37    0.18   -0.26   -0.73    0.53   -1.18
198706    3.05    4.00    4.98    5.15    3.99    5.17    4.77    4.88    4.87    3.65    4.44    4.03    6.27    4.38    5.39    3.84    5.92    5.53    3.92
198707    6.68    4.78    4.85    2.24    6.30    3.36    4.72    4.63    1.31    7.99    4.97    2.23    4.91    4.11    5.90    5.06    4.09    0.60    2.22
198708    0.37    4.15    4.13    4.64    4.43    3.77    3.51    4.71    5.14    3.35    5.29    3.68    3.89    3.91    2.75    5.55    3.68    5.62    4.55
198709    1.23   -1.99   -2.43   -2.69   -1.50   -2.39   -3.19   -1.31   -3.48   -1.39   -1.59   -2.85   -1.77   -3.46   -2.65   -1.44   -1.14   -2.45   -4.77
198710  -30.51  -23.93  -22.22  -18.39  -24.72  -22.89  -22.99  -19.54  -18.01  -26.00  -23.70  -22.53  -23.37  -22.50  -23.95  -19.88  -19.12  -15.04  -21.80
198711   -5.63   -8.68   -7.60   -6.46   -8.10   -8.72   -7.41   -7.40   -6.41   -7.16   -8.83   -9.68   -7.44   -7.75   -6.75   -8.08   -6.55   -7.10   -5.44
198712    7.96    8.89    8.11    3.92    7.94   10.41    8.06    5.41    3.90    6.63    8.98   10.55   10.23    7.24    9.69    6.63    3.95    3.47    4.50
198801    3.38    1.53    4.20    8.92    1.73    1.93    3.03    7.68    9.40    2.63    1.02    1.19    2.89    2.43    4.18    7.44    7.97    9.25    9.62
198802    8.82    5.71    5.55    2.74    5.69    5.91    5.79    3.94    2.61    5.10    6.16    5.74    6.12    4.62    8.02    4.70    3.00    1.98    3.48
198803    1.33   -1.99   -2.03   -2.76   -1.42   -1.82   -2.76   -2.53   -2.49   -0.69   -1.98   -2.98   -0.35   -3.96   -0.58   -1.93   -3.29   -2.37   -2.64
198804    3.06   -0.12    1.34    1.10    0.21    0.21    1.33    0.53    1.95    0.00    0.38   -0.69    1.34    1.78    0.54    1.36   -0.55    1.27    2.85
198805   -1.50   -0.38   -0.04    2.35   -0.54   -0.09   -0.45    1.33    2.48   -0.31   -0.72   -0.10   -0.09    0.37   -1.90    0.75    2.09    2.48    2.48
198806    4.35    5.25    4.99    5.56    6.26    3.88    6.77    3.74    5.50    6.42    6.14    3.50    4.35    6.66    6.97    2.23    5.69    3.58    8.03
198807   -0.49   -1.67   -0.31   -0.40   -2.37   -0.82    0.49   -1.00    0.01   -0.80   -3.38   -0.34   -1.19   -0.46    1.34   -0.89   -1.14   -0.22    0.27
198808   -3.37   -2.76   -3.00   -1.95   -3.66   -3.58   -1.85   -1.67   -2.21   -3.68   -3.64   -1.08   -5.50   -2.74   -1.06   -1.82   -1.49   -1.26   -3.27
198809    2.81    4.61    3.72    3.92    4.85    3.88    3.64    4.20    3.68    3.90    5.49    4.17    3.65    3.24    3.98    4.08    4.34    3.69    3.68
198810   -0.60    0.95    2.92    1.81   -0.24    3.83    2.33    1.62    2.26   -0.60    0.00    3.14    4.38    1.44    3.09    2.13    1.01    0.82    3.88
198811   -1.56   -1.49   -1.66   -2.22   -1.79   -1.77   -1.01   -2.36   -1.94   -1.78   -1.80   -0.95   -2.42   -1.35   -0.72   -2.05   -2.72   -2.80   -1.00
198812    2.91    2.67    2.09    1.24    3.00    2.00    2.19    1.78    1.10    3.55    2.65    2.06    1.95    2.71    1.76    2.03    1.47    2.02    0.15
198901    6.88    6.80    6.81    6.09    6.87    7.31    6.37    5.21    7.30    7.50    6.46    6.65    7.81    6.73    6.07    6.29    3.90    6.35    8.31
198902    0.13   -2.15   -1.92   -1.15   -2.05   -2.84   -1.42   -0.96   -1.31   -1.18   -2.63   -2.33   -3.22   -0.84   -1.93   -1.06   -0.84   -0.24   -2.44
198903    5.18    2.30    2.21    1.53    1.84    1.06    3.91    2.31    1.10    3.24    0.90    3.21   -0.58    3.77    4.04    2.30    2.32    2.67   -0.58
198904    4.17    6.45    4.85    3.70    6.60    5.79    4.22    4.64    3.77    6.05    6.98    6.16    5.49    5.16    3.41    5.53    3.56    4.85    2.58
198905    4.92    5.31    3.14    4.44    5.41    3.24    3.73    4.41    4.10    5.07    5.64    5.13    1.74    3.44    4.02    3.90    5.05    4.59    3.55
198906   -0.96   -1.67   -0.14    0.31   -1.67   -1.06   -0.06    0.26    0.41   -1.05   -2.09   -1.65   -0.57   -0.28    0.14    0.36    0.14   -0.53    1.47
198907    8.04    9.02    7.92    6.84    7.06    9.94    8.51    5.70    7.77    5.55    8.29   11.37    8.42    9.32    7.73    6.19    5.01    8.11    7.32
198908    1.90    1.25    1.70    4.12    2.32    0.55    1.55    2.36    5.17    3.19    1.63    0.01    1.13    1.76    1.34    2.61    1.98    3.80    6.96
198909    1.91    0.68   -0.62   -0.38    0.93   -0.68   -0.23   -0.19   -0.48   -0.36    1.96    0.38   -1.81   -0.55    0.08   -0.20   -0.18    0.73   -2.00
198910   -4.28   -2.96   -1.94   -4.45   -3.67   -2.17   -2.09   -1.07   -6.22   -4.18   -3.28   -2.07   -2.26   -2.20   -1.97   -1.29   -0.75   -4.10   -8.98
198911    1.13    2.47    2.27    0.01    2.14    2.14    2.95    1.59   -0.67    3.94    0.76    2.87    1.36    3.81    2.11    1.77    1.33    0.28   -1.98
198912    2.59    1.23    2.79    0.56    1.50    1.30    3.09    2.57    0.03    2.05    1.05    0.91    1.72    1.71    4.44    3.25    1.60    1.25   -1.71
199001  -10.21   -7.45   -6.63   -7.27   -7.11   -6.88   -7.33   -6.03   -7.90   -6.59   -7.52   -7.86   -5.83   -6.62   -8.02   -6.00   -6.07   -8.32   -7.30
199002    3.00    1.47    1.03    2.73    2.27    1.11    0.25    1.92    3.13    3.50    1.28    0.48    1.77    0.41    0.09    1.87    2.01    1.75    5.13
199003    2.89    3.52    2.72    0.70    3.16    3.67    3.19    1.13    0.49    2.87    3.41    3.97    3.36    4.62    1.76    1.15    1.10    0.31    0.75
199004   -4.93   -1.55   -2.20   -4.53   -1.80   -0.89   -2.27   -3.85   -4.80   -3.04   -0.77   -1.24   -0.53   -1.48   -3.10   -3.72   -4.03   -4.52   -5.20
199005    7.62   11.24    8.69    7.63   11.60   11.10    8.10    7.24    7.72   11.62   11.57   10.80   11.41    7.92    8.28    7.07    7.48    7.33    8.26
199006   -3.46    1.03   -0.37   -1.99    1.03    1.37   -0.59   -1.85   -2.34    0.80    1.21    1.04    1.70    0.88   -2.14   -2.17   -1.37   -1.94   -2.88
199007   -5.25   -0.78   -0.69   -1.87   -1.11   -0.49   -0.66   -0.81   -2.48    0.49   -2.16   -0.28   -0.79   -0.87   -0.31   -0.64   -0.92   -2.80   -2.08
199008  -12.86   -8.31   -9.59  -10.56   -7.90   -8.74  -10.25   -9.63  -10.94   -7.41   -8.23   -8.91   -8.49   -9.81  -10.99   -9.11   -9.99  -10.75  -11.18
199009   -8.79   -5.43   -3.64   -7.91   -5.71   -3.79   -4.06   -6.41   -8.31   -6.43   -5.21   -5.02   -1.98   -3.41   -5.15   -5.11   -7.33   -7.66   -9.13
199010   -4.92   -0.03   -0.84   -2.59   -1.74    1.39   -1.85   -0.19   -3.30   -3.86   -0.31    2.52   -0.21   -2.09   -1.44    1.72   -1.55   -1.36   -5.76
199011    9.64    6.52    6.50    7.85    7.11    5.16    7.31    7.97    7.48    8.75    6.04    5.67    4.42    6.95    7.92    7.43    8.37    9.04    5.42
199012    3.56    2.20    3.60    3.64    2.45    2.28    3.61    4.25    3.44    1.74    2.91    1.83    2.95    3.24    4.22    4.72    3.91    4.17    2.44
199101    7.69    4.25    4.94    6.96    5.06    2.93    6.38    4.94    7.71    4.47    5.44    3.05    2.76    6.55    6.09    3.63    5.90    7.81    7.56
199102   11.84    7.73    6.85    7.90    7.93    6.96    7.33    6.58    8.59    8.04    7.86    7.43    6.26    5.67   10.12    6.10    6.93    7.32   10.36
199103    7.35    3.82    2.24    2.46    2.95    4.08    1.89    2.48    2.74    3.17    2.81    5.16    2.51    0.69    3.81    3.09    2.05    3.60    1.57
199104    1.39   -0.15   -0.06    1.27   -0.03    0.05   -0.76    0.12    2.64    0.02   -0.06   -0.33    0.62   -1.38    0.21    1.30   -0.72    2.93    2.24
199105    3.41    3.61    4.11    5.00    3.80    3.17    4.82    2.49    7.20    3.91    3.72    3.32    2.94    4.62    5.14    3.62    1.67    6.22    8.58
199106   -8.12   -4.04   -4.34   -4.77   -4.12   -4.06   -4.84   -3.67   -4.99   -3.52   -4.51   -3.92   -4.26   -4.52   -5.33   -2.69   -4.40   -4.34   -5.90
199107    4.09    6.25    3.36    5.21    6.94    4.01    3.33    4.39    6.10    7.65    6.51    5.14    2.44    3.48    3.18    4.98    3.74    6.48    5.47
199108    1.66    3.28    2.27    3.39    3.53    2.95    1.56    3.10    4.45    4.07    3.21    2.86    3.09    1.80    1.31    4.45    1.62    4.37    4.58
199109    0.07   -2.52   -0.66    0.26   -2.05   -2.30   -0.30   -0.83    0.15   -1.62   -2.32   -3.30   -0.92   -0.20   -0.41   -1.97    0.45    0.72   -0.84
199110    3.97    1.81    1.07    2.32    2.16    1.21    1.07    1.22    2.71    1.16    2.77    1.21    1.22    1.21    0.91    0.83    1.64    2.59    2.93
199111   -6.67   -1.63   -4.37   -5.27   -0.93   -3.50   -4.73   -3.28   -5.98   -1.08   -0.84   -2.85   -4.40   -4.13   -5.40   -2.60   -4.03   -5.52   -6.78
199112    8.63   13.51    9.60   10.95   13.34   12.75    9.41    8.98   11.36   12.79   13.68   13.81   11.27   10.13    8.60    7.83   10.26   12.51    9.36
199201    6.87   -1.92   -1.21    2.54   -2.36   -1.29   -1.81    1.95    2.95   -1.98   -2.59   -1.15   -1.48   -2.75   -0.73    2.07    1.83    0.43    7.48
199202    4.77    0.06    1.26    3.40    0.21    0.73    0.31    3.69    3.67    0.77   -0.12   -0.21    2.08   -0.27    0.96    4.39    2.92    1.99    6.51
199203   -3.36   -3.29   -1.45   -1.36   -3.88   -2.08   -1.23   -1.65   -1.26   -3.42   -4.16   -2.25   -1.85   -0.71   -1.81   -1.76   -1.53   -0.81   -1.98
199204   -0.28   -0.15    3.58    1.37   -1.27    2.31    4.42    1.05    1.29   -2.69   -0.39    1.77    3.07    4.88    3.90    0.64    1.51    1.26    1.32
199205    0.40    0.95    0.38    0.95    1.29    0.28    0.35    0.85    1.00    2.11    0.80    0.38    0.15    0.20    0.53    0.84    0.85    1.12    0.80
199206   -1.17   -3.13   -1.33   -1.19   -3.93   -1.48   -0.82   -2.63   -1.26   -3.55   -4.16   -1.76   -1.09   -1.22   -0.37   -4.04   -1.06   -1.66   -0.59
199207    0.70    4.23    4.68    4.48    4.35    4.44    4.44    5.03    4.06    4.05    4.73    4.01    4.92    5.78    2.76    4.96    5.11    3.97    4.22
199208   -7.16   -1.08   -1.50   -2.28   -1.57   -1.12   -1.96   -0.78   -2.44   -1.40   -1.78   -0.11   -2.25   -2.33   -1.49    0.28   -2.05   -1.90   -3.43
199209   -0.65    1.01    1.59    2.66    0.77    0.74    2.42    2.37    2.26    2.22   -1.06    1.48   -0.11    2.02    2.93    1.66    3.23    1.95    2.86
199210   -2.06    2.95    0.46    1.15    2.63    2.98   -0.07    0.44    1.01    3.55    1.44    3.59    2.28   -0.58    0.57   -0.32    1.35    0.83    1.33
199211    7.29    4.32    3.33    4.35    4.64    3.42    4.42    2.27    5.01    5.58    3.40    3.69    3.11    4.48    4.36    1.32    3.41    4.03    6.81
199212    0.73    0.59    1.83    4.07    0.69    0.26    2.00    3.41    4.44    0.89    0.42    0.39    0.11    0.96    3.30    3.32    3.53    4.60    4.15
199301    5.31   -0.12   -0.03    2.63    0.60   -1.26   -0.56    2.46    2.41    2.03   -1.36   -1.51   -0.97   -0.71   -0.37    2.04    2.94    0.69    5.52
199302    0.98   -1.51    0.68    2.78   -2.06   -0.49    0.03    3.30    2.44   -2.05   -2.09   -0.40   -0.60   -0.74    0.97    3.32    3.27    2.70    2.00
199303    2.95    1.87    2.57    3.03    2.00    2.30    2.29    2.66    3.26    2.26    1.64    1.61    3.11    1.32    3.45    2.62    2.71    3.08    3.57
199304   -0.27   -4.29   -2.45   -2.48   -4.42   -2.65   -3.57   -2.15   -2.27   -5.59   -2.75   -4.05   -1.02   -4.88   -2.02   -1.61   -2.79   -1.54   -3.52
199305    4.64    4.22    2.56    1.33    5.18    2.20    3.28    1.75    0.93    5.93    4.14    2.31    2.07    4.55    1.84    1.63    1.90    0.71    1.33
199306    1.39   -1.15    0.68    2.33   -0.94   -1.88    0.70    2.88    2.43   -1.35   -0.37   -1.56   -2.23   -0.20    1.76    3.46    2.19    2.03    3.13
199307    1.66   -0.88   -0.86    1.31   -0.72   -2.78   -0.08    0.97    1.86    0.17   -1.47   -1.20   -4.09   -0.39    0.34    1.45    0.64    1.12    2.96
199308    5.30    4.05    3.53    3.51    3.74    3.91    3.73    2.81    4.33    4.14    3.40    4.72    3.23    3.90    3.50    3.27    2.49    4.33    4.35
199309   -0.97    0.55   -0.37    0.71    0.16    0.65   -0.65   -0.19    1.57   -0.23    0.50    1.37    0.03   -0.61   -0.70    0.06   -0.37    1.09    2.26
199310    6.14    2.31    1.79   -1.45    2.75    2.73    1.11    0.08   -2.11    3.43    2.17    1.40    3.90    1.84    0.10    1.04   -0.60   -1.76   -2.61
199311   -1.05   -0.81   -1.26   -3.25   -0.64    0.60   -2.18   -3.29   -3.17    0.18   -1.33   -1.18    2.13   -1.94   -2.51   -3.20   -3.35   -3.55   -2.63
199312    2.25    1.36    2.13    1.79    1.50    2.09    1.66    1.95    1.99   -0.12    2.89    1.07    2.93    1.72    1.58    2.52    1.54    2.17    1.71
199401    5.18    3.01    2.86    2.39    3.20    2.49    2.84    2.48    3.04    4.00    2.54    2.59    2.41    2.75    2.97    3.73    1.56    2.63    3.62
199402   -4.57   -0.70   -2.51   -3.13   -0.38   -2.21   -2.04   -3.16   -3.40    0.33   -0.97   -1.40   -2.88   -1.71   -2.52   -3.64   -2.79   -3.96   -2.59
199403   -5.27   -4.57   -4.33   -3.77   -5.21   -4.38   -3.87   -3.92   -3.90   -5.81   -4.70   -3.18   -5.37   -4.44   -3.04   -4.34   -3.61   -3.73   -4.13
199404    0.57    0.63    1.28    1.34    0.73    1.08    0.41    2.34    1.50   -0.45    1.71    0.40    1.66   -0.17    1.22    3.96    1.14    2.60   -0.06
199405    0.15    0.57    1.42    1.04    0.48    1.53    1.70   -0.11    1.50   -0.77    1.50    0.77    2.17    2.75    0.22   -0.83    0.44    1.00    2.22
199406   -3.64   -3.45   -1.98   -2.22   -3.11   -2.81   -2.30   -1.68   -2.40   -2.69   -3.45   -4.16   -1.70   -2.74   -1.67   -1.27   -1.99   -2.37   -2.44
199407    3.30    3.44    3.01    2.76    2.45    4.27    2.30    3.54    2.74    2.51    2.41    5.40    3.11    1.77    3.02    4.10    2.81    3.04    2.37
199408    6.21    5.50    3.89    3.23    5.60    4.60    4.07    2.83    4.03    7.07    4.52    5.30    3.86    3.45    4.93    3.60    1.85    4.47    3.50
199409   -0.65   -1.21   -1.56   -4.40   -1.55   -1.00   -1.49   -2.71   -4.66   -1.43   -1.64   -0.56   -1.46   -1.15   -1.94   -1.77   -3.93   -5.26   -3.90
199410    1.04    2.40    1.63    1.60    2.12    2.28    0.43    3.52    0.66    2.58    1.76    2.94    1.58    0.62    0.18    3.73    3.23    0.48    0.89
199411   -4.37   -3.76   -3.00   -3.93   -3.63   -3.71   -3.51   -2.06   -4.82   -4.60   -2.88   -4.00   -3.39   -4.13   -2.66   -1.80   -2.42   -4.04   -5.77
199412   -0.18    0.95    2.35    0.59    1.08    2.77    2.00    0.67    0.39    1.33    0.89    0.71    4.99    1.79    2.28    0.48    0.92    0.84   -0.17
199501    1.01    1.66    2.33    3.57    1.70    1.47    2.07    3.13    4.31    0.04    2.96    1.57    1.37    2.06    2.07    3.70    2.36    4.73    3.77
199502    4.12    3.44    3.83    5.11    3.18    4.50    4.16    2.74    6.02    2.92    3.38    3.92    5.09    4.12    4.20    2.13    3.58    6.48    5.44
199503    2.92    3.56    2.36    1.71    3.49    2.64    2.42    2.75    1.34    3.28    3.64    3.70    1.56    2.48    2.34    3.04    2.36    2.35    0.04
199504    3.87    1.54    2.59    3.63    1.14    1.74    2.76    3.14    4.33    1.44    0.92    2.28    1.17    2.02    3.78    3.66    2.44    4.61    3.96
199505    0.65    2.50    3.71    5.77    2.24    3.89    2.85    4.88    5.63    2.08    2.35    3.00    4.83    2.40    3.46    4.06    6.02    5.60    5.65
199506    4.84    4.43    1.80    2.69    4.48    2.55    3.01    1.23    3.30    4.99    4.10    4.34    0.70    2.93    3.12    0.93    1.63    2.81    3.95
199507    6.29    4.92    3.55    3.69    5.33    3.65    3.49    3.89    3.78    6.38    4.36    4.19    3.23    2.77    4.66    4.16    3.54    2.47    4.89
199508    2.97    0.31    0.19    3.45    0.91   -0.66    0.45    1.79    3.68    1.13    0.71   -0.75   -0.58    0.50    0.37    0.80    3.04    3.08    4.19
199509    1.61    2.98    4.36    4.76    2.80    4.83    3.37    4.78    4.08    1.79    3.74    3.31    6.05    3.80    2.68    3.83    5.95    3.87    4.25
199510   -6.66   -1.32    0.27   -2.14   -1.36   -0.41   -0.49    0.42   -2.65   -1.01   -1.69   -1.25    0.26    0.63   -2.28    1.80   -1.24   -1.17   -3.87
199511    3.17    4.54    4.13    4.75    4.12    5.30    4.13    2.42    6.05    3.12    5.06    5.30    5.29    3.36    5.41    2.37    2.49    5.08    6.87
199512    1.14    0.13    2.28    2.08   -0.15    1.39    2.53    1.79    2.59    0.24   -0.52    0.65    1.96    3.41    1.11    2.27    1.19    4.45    1.05
199601    2.16    1.72    3.38    2.95    1.58    2.85    3.75    2.16    3.61    1.36    1.79    1.99    3.50    2.30    6.14    2.46    1.78    2.97    4.16
199602    3.35    2.50    1.14    1.72    3.31    0.62    2.32    0.77    1.70    3.82    2.85    1.01    0.33    1.32    3.90    0.01    1.74    0.00    3.13
199603    0.39    1.57    0.81    1.31    1.10    1.16    1.36    0.12    2.34    1.01    1.18    2.47    0.20    1.36    1.35    0.66   -0.55    0.85    3.54
199604    7.34    3.48    1.52    0.79    4.36    1.35    1.67    2.36   -0.30    5.40    3.38    1.85    0.98    2.42    0.48    2.06    2.74   -1.03    0.31
199605    4.65    2.70    2.74    2.36    3.51    2.56    2.09    2.45    2.52    2.35    4.62    1.15    3.62    2.37    1.64    2.73    2.09    1.87    3.05
199606   -5.03   -1.44    0.43   -0.10   -1.72   -0.07   -0.03    0.98   -0.53   -3.00   -0.53   -0.90    0.53    0.72   -1.25    1.25    0.64    0.70   -1.53
199607  -12.17   -6.46   -4.69   -2.73   -7.17   -5.24   -4.65   -2.39   -3.53  -10.14   -4.81   -5.03   -5.42   -5.54   -3.51   -3.31   -1.57   -4.26   -2.65
199608    3.87    3.31    2.26    4.21    3.33    3.10    0.95    4.55    3.64    3.96    2.86    3.25    2.97    1.52    0.24    4.01    5.03    3.72    3.54
199609    4.63    6.16    4.96    4.60    6.03    5.99    4.12    5.28    4.32    7.55    4.87    6.42    5.61    4.55    3.57    5.62    4.98    5.22    3.26
199610   -3.54   -0.11    2.47    4.37   -0.89    1.09    3.00    4.83    3.87   -2.85    0.63    1.41    0.81    3.72    2.06    4.56    5.06    3.71    4.06
199611    2.66    6.10    7.15    8.79    5.11    7.50    6.78    8.83    8.32    6.09    4.37    7.99    7.06    6.94    6.58    8.15    9.43    9.21    7.25
199612    1.21   -1.33   -1.01   -1.86   -0.81   -2.65   -0.24   -0.58   -1.79   -0.99   -0.67   -2.29   -2.98   -0.98    0.72    1.03   -1.96   -2.10   -1.42
199701    2.69    5.81    5.49    5.54    4.67    6.49    4.81    6.13    6.06    2.27    6.52    7.92    5.16    5.81    3.53    7.63    4.84    6.56    5.44
199702   -3.29   -1.36    1.19    1.65   -2.58    0.66    2.54    0.12    2.36   -4.98   -0.81    0.86    0.48    0.65    5.01   -0.50    0.67    1.96    2.86
199703   -5.06   -5.65   -3.18   -4.82   -5.81   -3.72   -3.86   -4.05   -5.02   -7.17   -4.85   -5.37   -2.16   -2.08   -6.07   -3.50   -4.54   -4.93   -5.13
199704   -1.53    5.81    4.50    4.85    5.35    5.77    3.91    5.28    4.30    0.13    8.94    6.60    5.01    4.62    2.98    4.90    5.61    4.24    4.38
199705   10.75    7.87    6.36    5.81    9.52    6.00    6.69    5.35    5.66   12.37    7.73    5.03    6.90    6.46    6.99    4.58    6.02    5.77    5.53
199706    4.76    4.05    4.02    5.03    2.52    5.86    3.98    4.61    3.77    2.24    2.71    6.79    5.02    3.55    4.56    2.12    6.74    4.42    2.98
199707    8.88    6.71    7.96    8.91    8.06    7.23    6.79    8.11    9.45    9.77    6.71    4.62   10.06    5.62    7.38    7.74    8.40    7.32   11.70
199708    0.88   -5.17   -3.73   -2.88   -4.75   -5.43   -3.30   -3.45   -1.55   -3.42   -5.83   -5.84   -5.02   -3.76   -3.07   -2.55   -4.15   -1.17   -1.93
199709    9.16    4.95    5.33    7.16    4.53    5.34    5.47    6.71    6.59    2.49    6.23    5.65    5.02    6.55    4.95    5.47    7.71    4.37    8.88
199710   -4.48   -3.39   -3.56   -2.37   -3.47   -3.75   -3.22   -1.93   -3.97   -2.76   -4.04   -3.27   -4.24   -3.73   -2.97   -3.33   -0.83   -4.78   -3.19
199711   -1.32    3.71    4.41    3.02    2.90    4.54    4.57    4.49    1.51    2.01    3.63    5.02    4.04    2.54    5.56    4.61    4.40    2.38    0.65
199712   -0.77    0.64    2.13    4.54   -0.34    1.55    2.22    4.50    4.31   -1.90    0.89    2.18    0.90    2.59    2.04    4.18    4.75    2.87    5.76
199801    2.30    1.73    0.83   -2.27    1.90    3.00   -0.73   -2.31   -1.38    3.84    0.42    1.47    4.59    0.46   -1.30   -1.31   -3.05   -1.60   -1.16
199802    6.21    7.95    6.92    7.90    9.24    6.60    6.57    7.12    8.96   10.88    7.94    5.95    7.26    7.96    5.89    7.34    6.95    6.74   11.12
199803    6.98    5.57    3.98    6.27    6.98    2.42    4.98    6.20    5.96    7.57    6.50    3.33    1.51    6.28    4.34    5.75    6.55    4.94    6.91
199804    2.65    1.64    0.87    0.84    1.99    1.19    0.84    0.05    1.72    1.62    2.29    1.05    1.34    0.80    0.85    0.06    0.04    0.47    2.84
199805   -5.12   -3.17   -1.89   -1.00   -3.36   -2.45   -1.65   -2.27    0.37   -5.05   -1.99   -2.84   -2.06   -2.43   -1.27   -2.30   -2.25   -3.20    3.53
199806    4.15    6.13    2.76    1.06    7.04    4.48    2.36    0.25    2.40   12.24    2.95    4.60    4.37    3.85    1.63    0.87   -0.21    0.15    4.26
199807   -3.81   -2.70   -0.02   -3.99   -2.10   -2.59   -1.16   -0.45   -3.50   -0.47   -3.91   -3.93    0.03   -1.53   -0.83    2.23   -4.81   -4.04   -2.78
199808  -20.66  -14.78  -14.77  -17.34  -16.22  -13.35  -13.14  -15.50  -19.42  -15.85  -16.63  -11.72  -16.38  -17.13   -9.60  -16.43  -13.87  -18.73  -20.32
199809   14.32    6.45    6.92    2.40    6.97    6.48    6.35    6.31    0.15   10.81    2.64    5.42    8.56    5.66    6.91    6.54    5.91   -2.23    3.39
199810    5.71    7.45    7.84    7.91    6.50    8.99    8.01    6.26    9.77    3.10   10.63    9.37    8.24   10.75    5.80    7.01    5.11   11.14    8.01
199811   10.45    6.70    5.96    5.19    6.80    5.36    5.98    7.26    5.50    8.44    4.95    6.48    3.18    5.56    6.33    8.91    4.71    5.35    5.73
199812   11.65    7.78    5.54    0.79    9.25    6.61    3.62    3.01    1.55   13.29    4.52    4.82   10.19    5.63    1.93    5.09   -0.35    0.83    2.58
199901   10.96    4.92    0.76    1.83    5.75    3.61   -1.90    1.41    3.43    9.44    1.10    3.19    4.42    0.81   -4.21    2.65   -0.96    1.72    5.88
199902   -2.80   -3.95   -4.23   -2.28   -5.54   -1.79   -3.08   -5.62   -1.64   -7.71   -2.58   -0.56   -4.13   -2.17   -3.90   -6.72   -3.44    0.01   -3.89
199903   10.02    4.13    1.05    3.92    4.29    3.11    0.67    1.92    4.13    5.88    2.23    3.81    1.74    3.10   -1.56    1.08    3.55    5.27    2.49
199904    5.06    1.19    7.67    8.01    1.22    1.22   10.13    9.74    6.76   -0.24    3.17    1.14    1.39    9.92   10.33    9.41   10.37    6.91    6.53
199905   -3.43   -2.15   -0.60   -1.46   -1.57   -2.25   -1.01   -0.31   -2.04   -1.64   -1.47   -3.35   -0.07   -1.79   -0.27   -0.26   -0.41   -1.28   -3.17
199906    3.31    7.13    3.90    2.00    6.48    6.90    3.17    4.47    1.69    9.15    3.13    8.46    3.87    4.70    1.76    5.48    2.57    3.12   -0.44
199907   -3.06   -2.70   -3.73   -3.96   -3.05   -2.13   -4.29   -3.46   -3.81   -4.37   -1.47   -1.76   -3.05   -4.28   -4.32   -2.87   -4.16   -2.14   -5.85
199908   -0.76    0.28   -3.79   -3.46    2.05   -4.66   -3.14   -3.60   -3.04    2.24    1.83   -4.44   -5.19   -4.92   -0.56   -3.24   -4.04   -4.62   -1.01
199909   -2.01   -2.31   -3.33   -4.32   -2.34   -2.40   -3.36   -3.88   -5.09   -1.53   -3.28   -2.23   -2.81   -2.09   -5.12   -4.38   -3.25   -6.11   -3.84
199910    5.96    6.30    6.71    4.87    8.24    2.09    8.07    5.14    3.84    7.17    9.52    0.80    5.40   10.78    4.56    4.19    6.27    3.07    4.77
199911    8.63    4.25   -2.35   -0.40    4.61    1.48   -2.17   -0.66   -1.83    7.20    1.58    3.15   -2.60   -1.66   -2.89   -2.51    1.49   -1.71   -1.96
199912   13.38    8.28    0.24    4.45   10.79    0.07    1.38    1.87    4.00   14.21    6.45    0.60   -1.28    1.38    1.38   -0.94    5.02    1.63    6.81
200001   -0.50   -4.68   -3.69   -7.70   -5.79   -1.89   -3.49   -5.30   -7.59   -8.49   -2.12   -0.96   -4.36   -3.48   -3.49   -2.90   -7.84   -7.12   -8.11
200002   17.90    1.24   -6.31   -3.75    3.64   -6.57   -5.74   -4.78   -5.26    7.00   -0.64   -6.46   -6.86   -6.20   -5.09   -7.44   -1.81   -3.69   -7.05
200003   -4.24    9.07   10.02   12.58    8.44   10.55   10.96   11.67   11.70    8.52    8.33   11.32    8.44   11.81    9.76    9.75   13.68   11.53   11.91
200004   -9.11   -4.15   -1.11    1.00   -4.90   -1.53   -1.58    0.66    2.25   -8.02   -0.58   -1.56   -1.43   -1.76   -1.32    1.82   -0.52    1.16    3.56
200005   -8.27   -3.34    1.48   -1.70   -3.86   -0.55    0.94    0.54   -2.75   -6.82   -0.05   -1.62    2.51    1.44    0.22    1.44   -0.39   -0.90   -4.91
200006   10.93    5.16   -5.43   -0.79    6.47   -0.79   -5.49   -0.77   -3.65    9.85    2.54    0.98   -5.92   -5.03   -6.15   -4.08    2.72   -4.69   -2.39
200007   -9.49   -2.85    5.19    4.64   -3.19    1.19    4.15    6.17    3.91   -3.69   -2.28   -0.97    5.71    3.55    5.37    6.48    5.68    3.99    3.66
200008   14.03    6.22    9.24    9.18    6.73    4.98    9.60   10.80    7.79    8.13    4.21    3.50    7.89   11.15    6.54   10.55   11.18    8.19    6.59
200009   -8.67   -6.14    0.08    4.13   -7.49    0.35    1.34    2.25    2.85   -8.29   -5.99    1.33   -1.50    0.78    2.53   -0.06    5.89    3.16    1.94
200010  -11.54   -1.52    1.22    1.18   -3.05    4.53    1.97   -1.15    3.90   -5.50    1.42    6.20    1.20    2.23    1.43   -0.23   -2.49    4.37    2.48
200011  -26.33   -9.55   -2.82   -2.42  -11.25   -1.83   -2.08   -3.83   -3.21  -15.06   -4.76   -1.73   -2.03   -2.72   -0.72   -5.47   -1.30   -3.45   -2.50
200012    2.03   -1.24    9.08   10.62   -1.70    2.72    8.99   11.54   10.89   -3.42    0.92    0.66    7.03    9.03    8.90   12.42   10.24   11.18   10.03
200101    7.58    3.80    1.08    1.91    4.71    0.70   -0.83    3.19    1.60    8.67   -1.22    0.13    1.82   -1.13   -0.09    3.77    2.35    2.15   -0.04
200102  -20.53  -10.57   -3.13    0.68  -12.70   -2.65   -1.80   -2.29    2.16  -16.52   -6.41   -1.46   -4.94   -2.98    1.19   -2.93   -1.36    3.33   -1.38
200103  -14.12   -7.68   -2.71   -1.10   -8.82   -3.58   -3.51    0.16   -1.33  -11.09   -5.48   -3.35   -4.03   -4.79   -0.35    0.83   -0.78   -0.86   -2.81
200104   12.37    8.88    5.22    4.92   10.16    4.66    5.58    4.59    4.89   13.25    5.86    4.31    5.36    5.93    4.77    4.34    4.95    3.77    8.54
200105    0.83    0.09    3.60    2.55   -0.37    2.45    3.21    4.49    0.95   -0.41   -0.30    1.84    3.67    3.39    2.79    4.25    4.83    0.79    1.47
200106   -1.98   -1.89   -0.76    0.53   -1.31   -2.87   -0.63   -0.91    1.31   -0.67   -2.28   -4.00   -0.65   -1.53    1.55   -1.16   -0.56    2.55   -2.50
200107  -10.74   -1.23   -0.85    0.37   -1.25   -0.87   -0.88   -0.31   -0.37   -3.95    1.07   -1.15   -0.57   -1.97    0.59   -1.48    1.01    0.78   -2.76
200108  -11.20   -7.04   -4.05   -4.53   -6.66   -6.56   -3.89   -2.80   -6.16   -8.84   -4.86   -8.21   -4.85   -4.86   -2.63   -2.49   -3.16   -6.85   -4.68
200109  -16.97   -8.52   -6.81  -12.71   -8.03   -8.54   -7.98   -6.13  -16.26  -12.04   -4.87  -10.02   -7.05   -8.09   -7.83   -2.90   -9.78  -16.41  -15.95
200110    7.38    3.30    0.72    2.67    2.51    4.15    0.30   -0.33    3.09    5.61    0.25    5.76    2.57    3.81   -4.54   -2.54    2.34    1.60    6.25
200111   12.85    8.14    6.36    8.41    7.53    7.98    8.19    4.38   10.65   10.87    4.96    9.99    5.95    7.53    9.18    2.37    6.70   11.33    9.26
200112    3.79    0.28    3.05    3.47   -0.18    2.30    3.24    2.89    3.88   -1.35    0.78    1.64    3.00    2.48    4.36    2.65    3.15    3.36    4.94
200201   -6.28   -1.20   -0.22   -0.15   -2.16    0.89   -1.22    0.05    2.03   -2.34   -2.01    1.62    0.13   -2.36    0.43    1.80   -1.87    2.70    0.65
200202   -6.24   -2.03   -1.82   -0.66   -1.98   -2.54   -2.38    0.98   -0.50   -5.72    0.98   -2.19   -2.92   -3.19   -1.24    2.53   -0.79    0.29   -2.19
200203    6.96    2.93    5.08    8.02    3.16    3.53    5.90    5.36    8.36    4.99    1.82    2.25    4.89    5.59    6.31    3.36    7.73    7.71    9.81
200204   -9.37   -5.80   -4.99    0.85   -6.30   -5.31   -5.54    0.12    1.02   -6.77   -5.93   -4.40   -6.25   -7.27   -3.13   -0.42    0.72    1.34    0.31
200205   -4.21   -1.72   -0.36    0.47   -1.91   -0.84   -1.07    1.55   -0.53   -2.47   -1.48   -1.18   -0.47   -0.56   -1.75    1.80    1.28    0.35   -2.43
200206  -10.13   -6.97   -7.27   -4.92   -7.70   -6.81   -5.74   -6.18   -5.71   -9.11   -6.64   -4.97   -8.75   -6.33   -4.95   -7.86   -4.28   -6.51   -3.92
200207  -12.67   -7.11   -7.68   -7.23   -9.14   -4.56   -8.35   -7.16   -7.49   -6.46  -10.78   -3.70   -6.41   -6.40   -9.35   -7.45   -6.85   -5.75  -12.24
200208    1.02    0.11    1.01    1.78    0.50    0.21    0.79    0.91    2.06   -2.01    2.11   -0.50    1.78    1.84    0.24    0.48    1.35    2.47    0.86
200209  -12.63   -9.62   -9.89  -11.00   -9.49  -10.28   -9.60   -9.63  -11.19   -7.80  -10.54   -9.83  -11.25   -9.14   -9.85   -8.58  -10.73  -12.36   -7.77
200210    9.76    9.52    6.97    3.58   10.79    7.70    7.80    2.31    4.29   11.93   10.07    7.46    8.22    2.03   10.90    2.09    2.55    5.77    0.16
200211   17.09    5.18    4.29    2.35    6.60    3.33    4.94    1.85    2.64    8.79    5.20    2.84    4.40    2.61    6.10    1.78    1.92    1.46    6.23
200212  -11.69   -6.73   -3.56   -0.03   -7.69   -4.60   -4.37   -0.67    0.50   -8.50   -7.15   -5.08   -3.57   -4.53   -4.30   -0.54   -0.80    0.70   -0.08
200301   -1.88   -2.92   -2.56   -2.69   -2.77   -3.08   -2.51   -1.65   -3.77   -0.91   -3.96   -3.17   -2.89   -1.32   -3.08   -2.16   -1.09   -4.34   -2.10
200302   -1.97   -1.33   -2.92   -1.37   -1.97   -0.69   -3.67   -1.87   -1.51   -3.16   -1.19   -0.25   -1.63   -3.17   -3.91   -2.52   -1.17   -1.56   -1.35
200303   -1.31    2.41    0.90   -0.63    2.08    2.20    1.33    0.82   -2.30    1.63    2.38    2.95    0.61    0.65    1.67   -0.14    1.79   -3.76    1.87
200304   12.32    7.87    7.84    7.22    9.07    6.15    8.17    8.11    7.18    8.68    9.33    5.96    6.58    8.23    8.14    8.93    7.29    6.99    7.68
200305   12.69    4.43    5.21    9.29    4.98    4.32    4.65    6.55   10.69    8.81    2.42    3.52    6.04    4.65    4.65    5.77    7.34   11.06    9.71
200306    1.91    1.51    1.40    0.51    1.39    1.15    1.86    0.45    1.83    1.89    1.04    1.71   -0.04    2.24    1.68    2.30   -1.39    1.48    2.81
200307    4.05    3.27    1.37    0.77    5.22    0.00    0.45    2.86    0.43    5.61    4.98   -0.34    0.57   -0.64    1.55    3.90    1.30    2.76   -2.81
200308    5.78    2.93    0.70    1.81    3.37    1.04    1.68    0.91    1.91    3.32    3.40    2.06   -0.62    0.38    2.94    0.42    1.65   -0.01    4.74
200309   -2.12   -2.06   -0.16    0.34   -2.71   -0.89   -0.58    0.50    1.24   -2.48   -2.85   -0.77   -1.09   -1.02   -0.16    1.53   -1.07    0.36    2.47
200310    9.05    5.57    5.22    7.33    6.78    4.07    3.71    7.70    6.88    7.93    6.05    3.21    5.53    4.25    3.20    7.48    8.06    4.53   10.10
200311    1.67    0.86    1.72    2.28    0.79    1.73    1.37    1.14    2.89    1.67    0.23    0.98    2.96    1.32    1.42    1.03    1.31    1.12    5.20
200312    3.89    4.42    4.43    4.57    4.04    4.62    5.84    4.17    3.56    5.72    2.94    5.20    3.68    5.70    5.98    2.87    6.19    4.80    2.01
200401    6.75    1.00    2.35    1.38    0.94    1.45    3.06    1.26    1.68    1.43    0.61    1.12    2.01    2.69    3.42    1.48    0.93    0.78    2.82
200402   -0.89    1.59    1.85    2.04    1.47    1.94    1.61    1.88    2.22   -0.07    2.51    1.82    2.14    1.69    1.54    1.97    1.75    1.02    3.73
200403   -2.60   -1.29   -0.89   -0.65   -1.16   -1.17   -1.55   -0.40   -0.47    0.26   -2.10   -1.53   -0.59   -1.10   -1.99   -0.04   -0.95   -0.08   -0.94
200404   -5.28   -0.16   -2.01   -2.73   -1.03    0.61   -1.42   -3.66   -2.61   -1.63   -0.63    1.55   -0.91   -0.33   -2.42   -4.15   -2.91   -2.29   -3.01
200405    2.28    1.48    0.84    0.34    2.00    0.53    1.06    0.94   -0.29    3.29    1.16    0.47    0.64    0.56    1.53    0.68    1.33    1.29   -2.26
200406    1.17    1.92    1.59    2.94    1.86    1.34    2.87    1.73    3.01    3.33    0.87    2.06    0.16    2.47    3.24    0.99    2.84    2.68    3.44
200407   -9.12   -5.74   -2.56   -1.06   -7.20   -3.79   -2.05   -2.48   -0.13   -8.43   -5.70   -3.56   -4.34   -1.05   -3.64   -2.33   -2.61   -0.20    0.00
200408   -2.77   -1.19    0.92    2.15   -1.99    0.58    0.44    2.01    1.74   -1.58   -2.49   -0.03    2.11    0.12    0.97    1.09    2.86    2.20    0.79
200409    4.15    1.81    0.68    2.03    2.27    1.42    1.15   -0.62    3.12    2.38    2.14    1.15    2.07    1.49    0.59   -1.51    0.19    3.01    3.34
200410    2.17    1.85    0.85    1.77    2.15    1.77    0.70    1.18    1.38    1.97    2.36    1.43    2.62    2.17   -1.70   -0.23    2.45    1.08    2.00
200411    7.35    3.96    4.57    4.98    4.25    3.91    4.94    3.48    5.85    3.69    4.90    3.55    4.77    4.27    6.08    3.49    3.47    5.86    5.83
200412    5.51    3.30    3.77    3.11    3.27    3.17    3.81    4.34    2.50    3.51    2.99    3.34    2.79    3.45    4.43    4.52    4.19    2.46    2.59
200501   -6.74   -3.93   -1.25   -0.78   -4.75   -2.30   -1.36   -1.18   -0.45   -6.65   -2.57   -2.75   -1.25   -1.63   -0.92   -0.96   -1.37   -0.13   -1.08
200502    0.94    1.31    1.28    4.80    2.11    0.45    1.25    0.55    7.71    2.37    1.82    0.18    1.06    0.39    2.67    1.53   -0.28    8.53    6.03
200503   -3.57   -1.45   -0.81   -2.69   -1.73   -1.10   -1.08   -0.89   -3.14   -0.98   -2.55   -1.05   -1.20    0.36   -3.40    0.20   -1.84   -3.65   -2.03
200504   -4.49   -2.02   -2.78   -1.61   -2.29   -2.18   -2.91   -0.94   -2.44   -2.15   -2.44   -1.63   -3.45   -2.46   -3.67   -1.90   -0.09   -2.84   -1.56
200505    5.68    5.12    2.52    3.09    6.76    3.29    2.46    1.86    3.39    6.35    7.21    2.79    4.47    1.57    3.96    1.06    2.56    2.96    4.28
200506    1.64   -0.81    0.53    2.76   -1.14   -0.22    0.11    1.76    3.41   -1.72   -0.50   -0.33    0.03   -1.17    2.24    1.98    1.56    2.64    5.01
200507    6.18    5.72    3.49    2.89    6.41    3.47    3.61    2.26    4.05    6.27    6.51    4.21    2.90    4.98    2.12    4.14    0.56    2.85    6.50
200508   -0.29   -1.17   -1.33   -0.21   -0.18   -2.46   -1.04   -1.69    0.70   -0.06   -0.27   -3.37   -1.75   -1.74   -0.26   -1.32   -2.04    0.11    1.88
200509    0.01    0.18    0.26    2.37    0.60   -0.02   -0.03    0.21    3.51    1.51   -0.08   -0.78    0.57   -0.44    0.41    0.43    0.00    3.19    4.13
200510   -4.01   -0.72   -1.31   -2.90   -1.26   -0.55   -2.02    0.16   -4.26   -0.85   -1.57    0.59   -1.38   -1.26   -2.86    0.31    0.02   -2.85   -6.96
200511    3.73    4.39    3.88    3.44    4.92    3.47    4.42    3.88    2.81    4.71    5.08    3.10    3.74    5.22    3.52    2.99    4.73    3.36    1.72
200512    1.25   -0.13   -0.06    0.20    0.33   -0.67   -0.14    0.13    0.35    0.49    0.20   -1.25   -0.25   -1.42    1.34    0.40   -0.12    0.39    0.27
200601    6.84    3.93    1.46    4.55    4.24    0.97    2.38    2.05    6.04    3.87    4.51    3.16   -0.62    0.64    4.32    2.63    1.51    4.77    8.58
200602    0.89   -0.61    1.10   -0.78   -1.24    1.44    0.47    1.56   -1.95   -2.10   -0.60    0.98    1.78    0.33    0.62    1.42    1.70   -0.70   -4.35
200603    4.14    2.02    1.26    1.87    1.74    2.65    1.11    0.30    2.30    1.30    2.06    2.71    2.61    0.99    1.24   -0.41    0.98    1.82    3.26
200604    0.52   -0.19    0.88    3.00   -0.26    0.10    1.43    1.50    3.40    1.12   -1.29   -0.02    0.19    1.97    0.85    0.78    2.19    3.26    3.66
200605   -5.67   -3.52   -2.33   -2.82   -4.46   -2.07   -1.82   -2.25   -3.39   -4.54   -4.40   -1.27   -2.66   -2.22   -1.39   -2.88   -1.66   -2.92   -4.27
200606   -1.06   -0.07   -0.32    1.07   -0.20   -0.57    0.08    0.41    1.26   -0.01   -0.33    0.22   -1.17    0.29   -0.15    0.11    0.69    1.27    1.25
200607   -3.91   -2.49    0.05    1.86   -3.56   -0.27   -0.48    1.13    2.40   -4.18   -3.02   -0.72    0.08   -2.25    0.80    1.48    0.86    1.34    3.52
200608    4.19    3.40    3.07    0.34    3.45    3.48    3.30    1.14    0.03    3.45    3.46    3.31    3.62    3.85    2.92    1.44    0.92    1.31   -1.25
200609   -0.05    1.90    3.36    1.34    1.60    3.62    2.94    1.14    1.90    2.66    0.69    2.38    4.60    3.06    2.86    2.29    0.28    4.29   -0.58
200610    5.30    3.85    3.20    3.64    3.86    2.77    3.53    3.50    4.18    5.85    2.11    3.85    1.94    3.09    3.83    4.65    2.60    3.10    5.37
200611    2.01    1.94    1.52    3.08    2.78    1.49    1.08    1.40    3.99    3.70    1.95    0.60    2.20    1.83    0.55    1.55    1.28    1.39    6.77
200612    0.50    0.37    1.49    1.83   -0.26    1.18    1.74    2.53    1.18   -1.18    0.58    1.41    1.00    1.73    1.75    1.73    3.16    1.97    0.38
200701    4.72    2.71    1.64    0.82    2.69    2.03    1.77    1.17    0.81    3.24    2.19    2.73    1.49    1.57    1.91    1.60    0.84    1.71   -0.12
200702   -0.83   -1.37   -1.50   -2.15   -1.29   -2.00   -1.24   -1.32   -2.27   -3.47    0.69   -1.49   -2.40    0.08   -2.20   -0.57   -1.91   -2.22   -2.32
200703    0.09    1.10    0.72    1.82    1.62    0.68    0.10    1.40    2.22    1.73    1.53    0.25    1.03    0.75   -0.38    1.87    1.02    0.61    3.94
200704    2.74    3.99    4.55    3.70    4.45    3.82    5.03    3.39    4.01    4.76    4.18    3.24    4.27    3.88    5.88    3.78    3.08    3.38    4.65
200705    3.35    3.68    3.00    4.32    4.39    3.42    2.70    2.46    4.93    4.18    4.58    2.50    4.13    2.51    2.84    1.73    3.06    3.47    6.42
200706   -1.03   -1.49   -1.46   -2.02   -1.26   -1.68   -1.26   -2.29   -1.73   -0.51   -1.92   -1.88   -1.52   -0.51   -1.80   -1.88   -2.62   -3.46   -0.02
200707   -5.46   -1.64   -2.93   -5.24   -1.70   -2.07   -3.12   -4.70   -4.43   -1.73   -1.67   -1.54   -2.71   -2.21   -4.12   -2.75   -6.95   -4.42   -4.45
200708   -0.07    1.77    2.06    0.45    1.72    1.96    1.65    2.52   -0.35    1.02    2.22    1.85    2.10    1.78    1.50    2.78    2.20   -0.09   -0.76
200709    4.67    4.83    2.63    3.30    5.43    3.01    3.07    1.18    4.89    5.73    5.22    3.74    2.13    4.43    1.51    2.22   -0.09    3.52    7.05
200710    3.38    4.39    1.96   -0.34    3.58    4.72    1.16   -0.09    0.93    3.28    3.79    5.90    3.28    1.69    0.54    2.37   -3.14   -0.13    2.52
200711   -8.15   -4.65   -2.60   -6.30   -5.45   -3.37   -2.27   -4.98   -5.40   -4.99   -5.78   -3.21   -3.58   -3.52   -0.80   -2.42   -8.36   -5.30   -5.54
200712   -0.60   -0.70   -0.86   -0.12   -1.33   -0.34   -0.84   -1.90    1.40   -2.04   -0.81    0.39   -1.25   -0.33   -1.42   -0.59   -3.73   -0.58    4.28
200801   -6.74   -9.29   -4.99   -3.73  -10.21   -7.10   -4.68   -2.69   -5.22   -8.33  -11.57   -7.72   -6.30   -6.28   -2.81   -4.54   -0.01   -2.76   -8.63
200802   -1.72   -3.56   -2.74   -2.91   -3.25   -3.68   -2.92   -4.56   -0.78   -1.88   -4.27   -4.09   -3.16   -3.05   -2.77   -2.12   -7.96   -3.52    3.24
200803   -2.59    0.30   -0.13   -2.09   -0.38    0.25    1.71   -2.34   -2.11    0.07   -0.73    1.45   -1.28    4.29   -1.20   -2.53   -2.05   -1.30   -3.22
200804    6.25    4.55    2.57    7.51    6.68    2.32    1.77    4.48    7.81    3.27    9.32    1.04    4.00   -0.66    4.66    2.97    6.72    6.64    9.46
200805    2.30    3.76    2.24   -0.27    4.65    2.60    0.98    1.16    0.71    5.79    3.82    2.22    3.08    0.63    1.37    3.93   -2.79   -2.27    4.77
200806   -8.64   -7.99   -8.39   -8.57   -8.62   -6.90   -8.43  -11.14   -6.63   -7.91   -9.15   -6.86   -6.94   -9.58   -7.13   -9.41  -13.79  -10.30   -1.94
200807   -2.92   -0.77    0.65   -1.94   -1.94    0.54    1.47   -2.06   -1.32   -4.01    0.89    0.64    0.39    0.42    2.47   -1.44   -2.43   -1.16   -1.60
200808   -0.38    1.53    1.83    1.39    0.82    1.64    2.31    1.90    0.91    0.68    1.01    2.35    0.53    2.66    1.97    2.12    1.78    0.92    0.89
200809  -15.00  -11.62   -8.20   -5.27  -12.20  -10.82   -6.74   -6.34   -6.28  -14.55   -9.18  -10.97  -10.60   -8.01   -5.53   -9.55   -4.46   -4.90   -8.63
200810  -28.38  -16.26  -15.70  -18.44  -17.66  -15.72  -14.29  -17.73  -19.54  -18.14  -17.09  -14.67  -17.40  -14.18  -14.40  -17.99  -17.58  -17.76  -22.74
200811  -13.49   -8.62   -6.62   -7.52  -11.63   -4.77   -7.44   -6.74   -9.17  -15.00   -7.61   -5.36   -3.79   -7.57   -7.33   -7.62   -6.25   -9.86   -7.86
200812    3.33    1.51    1.86    1.89    2.74    0.95    1.98    0.68    3.85    0.87    4.81    0.26    2.08    3.50    0.64    1.14    0.42    2.55    6.30
200901   -0.94   -5.91   -7.56  -12.82   -4.99   -6.41   -9.16  -10.47  -11.85   -4.65   -5.36   -6.86   -5.68   -6.95  -11.18   -4.92  -13.56  -11.48  -12.53
200902   -9.56   -6.82  -10.65  -13.57   -7.46   -7.47  -11.09  -12.91  -12.71   -5.78   -9.25   -6.15   -9.58  -11.75  -10.46  -10.73  -14.24  -14.66   -9.15
200903   13.64    9.51    7.72    9.38   10.06    8.13    7.77    7.94   11.78   10.53    9.53    8.90    6.95    7.06    8.43    8.64    7.48   12.11   11.21
200904   13.81    8.62    9.51   12.62   10.48    7.11    8.76   11.95   14.85   11.59    9.24    6.48    8.10    9.01    8.53   13.74   10.79   14.60   15.30
200905    6.59    5.17    3.50    7.09    5.54    4.18    3.63    6.52    5.26    6.94    3.93    4.73    3.33    5.07    2.26    3.32    8.64    6.05    3.91
200906    2.18    1.76    0.43   -1.75    0.76    2.37    0.02   -0.75   -2.17   -0.52    2.28    2.95    1.47    1.51   -1.43    0.30   -1.41   -2.71   -1.22
200907   10.05    6.07    7.83    9.62    6.38    6.76    8.38    7.42    9.63    6.61    6.09    5.75    8.24    7.04    9.54    6.80    9.59    9.47    9.99
200908    7.42    2.85    2.57    3.92    3.06    2.21    2.61    3.75    3.15    4.47    1.31    2.62    1.62    1.77    3.32    3.24    5.47    3.12    3.22
200909    5.82    3.88    3.34    5.91    3.85    3.14    3.66    3.84    7.02    4.07    3.58    3.91    2.02    2.95    4.26    3.88    3.71    5.97    9.34
200910   -6.93   -2.37   -1.62   -1.48   -3.70   -1.08   -3.02   -0.75   -0.77   -2.88   -4.76   -0.97   -1.23   -3.79   -2.35   -0.10   -2.90    1.02   -4.62
200911    5.31    5.62    5.61    5.90    4.52    6.26    5.39    6.38    4.98    3.05    6.44    6.74    5.51    5.03    5.69    5.97    7.77    5.03    4.84
200912    5.30    2.63    1.91    4.48    3.04    2.12    3.35    1.12    4.39    2.75    3.41    2.21    1.98    3.26    3.43    0.06    4.68    2.55    8.86
201001   -3.01   -3.35   -3.43   -3.86   -2.11   -3.43   -3.89   -3.52   -5.05   -1.15   -3.31   -4.60   -1.58   -3.88   -3.89   -4.13   -1.54   -4.65   -5.95
201002    4.74    3.19    2.98    4.43    2.72    2.85    3.80    3.10    4.92    3.21    2.08    3.68    1.56    2.39    4.95    2.97    3.50    4.75    5.30
201003    8.50    6.39    5.26    7.12    6.69    5.32    5.57    6.10    6.91    6.66    6.74    6.09    4.12    5.15    5.90    5.66    7.51    6.52    7.84
201004    5.57    0.24    1.83    3.31    0.87    0.10    1.98    2.06    4.33    0.48    1.38   -0.40    0.90    1.21    2.60    2.28    1.37    5.00    2.76
201005   -8.61   -6.80   -7.75   -9.73   -7.88   -5.63   -7.94   -8.74  -10.65   -8.51   -7.08   -5.68   -5.56   -7.13   -8.56   -9.00   -7.92  -10.92  -10.03
201006   -8.13   -4.32   -5.12   -7.45   -4.11   -4.00   -4.57   -6.76   -8.56   -3.18   -5.28   -4.53   -3.16   -3.08   -5.77   -7.21   -5.35   -7.33  -11.46
201007    7.64    7.83    6.22    7.11    9.07    5.70    6.15    7.96    6.12    9.67    8.55    6.64    4.34    6.87    5.58    7.78    8.20    6.43    5.62
201008   -7.11   -6.15   -3.63   -4.08   -5.53   -5.50   -3.55   -3.30   -5.41   -4.77   -6.18   -6.76   -3.62   -3.94   -3.22   -3.81   -2.63   -6.22   -4.10
201009   12.18   12.59    7.80    8.08   11.88   10.98    7.41    8.31    8.39   13.10   10.84   13.28    7.64    8.52    6.50    8.73    7.76    8.72    7.86
201010    4.01    5.17    2.72    4.58    5.01    3.44    3.55    3.82    3.79    4.24    5.69    5.33    0.56    3.63    3.50    2.60    5.42    4.08    3.34
201011    2.72    1.50   -0.11   -0.31    2.67    0.61    0.07   -0.84   -0.36    4.09    1.45    0.35    1.01   -0.59    0.61   -1.30   -0.25    0.56   -1.83
201012   10.56    6.47    6.02    6.37    6.49    6.79    5.18    6.37    6.97    5.84    7.07    6.45    7.33    5.75    4.72    6.85    5.76    7.32    6.39
201101    2.67    2.27    2.02    1.51    2.09    2.01    2.23    1.43    2.41    1.32    2.76    2.46    1.29    1.48    2.84    2.11    0.57    3.96   -0.16
201102    4.50    3.21    3.78    2.90    4.44    2.57    3.32    4.00    3.04    4.22    4.64    1.99    3.48    3.86    2.88    4.96    2.74    3.32    2.56
201103    0.56    0.65    0.10    1.22    1.42   -0.07    0.02    0.87    0.89    0.64    2.10   -0.12    0.00    0.22   -0.14    0.35    1.56    0.89    0.91
201104    1.80    3.47    3.10    2.78    3.32    2.57    3.68    3.62    1.78    3.62    3.06    3.62    0.92    3.58    3.76    3.48    3.82    0.63    3.75
201105   -2.83   -1.62   -1.00   -0.26   -1.32   -1.99   -0.62   -0.52   -0.59   -1.14   -1.47   -1.93   -2.09   -0.28   -0.90   -0.99    0.09   -0.69   -0.42
201106   -3.49   -2.03   -1.41   -0.71   -1.79   -1.81   -1.33   -1.25   -0.91   -1.70   -1.87   -2.28   -1.05   -0.56   -1.97   -1.84   -0.50   -0.43   -1.73
201107   -5.58   -2.85   -1.84   -2.09   -2.19   -1.34   -2.73   -1.45   -3.39   -2.07   -2.33   -4.01    0.51   -3.53   -2.29   -2.43   -0.75   -2.48   -5.33
201108  -13.31   -6.76   -5.06   -5.57   -6.79   -5.76   -5.28   -4.23   -7.19   -7.33   -6.15   -6.71   -5.13   -6.84   -4.43   -4.63   -3.95   -7.21   -7.15
201109  -14.25   -8.53   -7.04   -6.65   -8.81   -7.73   -7.19   -5.70   -8.13   -9.32   -8.22   -8.01   -7.56   -8.74   -6.35   -6.35   -5.25   -7.89   -8.65
201110   13.68   12.87   11.35   10.12   12.55   12.16   11.51    9.31   12.34   11.97   13.23   13.44   11.33   14.03   10.20   11.09    8.07   12.59   11.78
201111   -2.78   -0.82    0.51   -0.49   -1.41   -0.47    0.79    0.93   -1.67   -0.84   -2.06    0.22   -0.92    1.49    0.42    1.34    0.64   -2.01   -0.91
201112    0.27   -2.49    1.53    1.75   -2.00   -0.85    1.73    1.90    1.52   -2.59   -1.30   -3.35    0.82    0.35    2.49    1.81    1.97    1.50    1.55
201201   11.00    6.93    4.39    3.98    6.74    8.09    3.35    3.16    4.31    7.77    5.56    7.25    8.62    5.67    2.10    2.44    3.68    4.82    3.19
201202    6.32    3.84    4.75    3.93    3.85    6.56    3.73    3.29    4.56    4.00    3.67    3.82    8.28    3.89    3.64    3.20    3.35    4.15    5.46
201203    5.20    2.88    3.04    3.02    2.61    3.89    2.33    3.17    2.77    2.54    2.70    3.34    4.23    1.87    2.58    3.06    3.25    2.56    3.22
201204   -3.15   -0.42   -0.39   -1.20   -0.24   -0.48   -0.55   -0.63   -1.47   -0.54    0.11   -0.72   -0.34   -0.52   -0.57   -0.19   -0.94   -1.20   -2.05
201205   -7.79   -7.94   -5.16   -6.10   -8.11   -6.22   -4.82   -5.10   -7.46   -9.85   -6.08   -7.65   -5.36   -5.86   -4.26   -5.50   -4.81   -7.87   -6.55
201206    6.43    4.12    3.06    4.60    3.83    2.43    2.85    5.33    3.75    4.28    3.33    4.62    1.15    2.86    2.85    5.25    5.38    3.87    3.51
201207   -1.51   -0.45    2.09   -0.16   -0.76    1.78    2.01    1.34   -0.66   -0.36   -1.34    0.20    2.51    2.29    1.84    1.64    0.96   -0.45   -1.16
201208    3.37    2.98    2.01    3.19    3.04    0.91    3.63    1.69    3.67    2.68    3.57    2.86    0.03    1.70    4.81    1.35    2.11    2.76    5.80
201209    4.23    3.29    2.44    2.46    3.56    3.09    1.72    2.82    2.31    4.13    2.73    2.72    3.27    1.26    1.99    2.86    2.78    1.46    4.24
201210   -3.17   -2.67   -2.09   -0.15   -3.05   -1.61   -2.70   -0.96   -0.16   -3.66   -2.15   -1.88   -1.49    0.44   -4.53   -1.62   -0.14   -1.42    2.61
201211    3.08    1.97    1.15   -1.31    1.57    1.61    1.19    0.51   -1.76    1.23    2.08    2.78    1.06    1.13    1.23    1.18   -0.31   -2.29   -0.65
201212    3.27    1.82   -0.22    2.95    2.67   -0.23   -0.43    1.23    3.30    2.96    2.26    0.09   -0.38    0.13   -0.78    0.47    2.16    1.96    6.10
201301    6.74    5.78    4.78    6.45    4.96    6.85    3.25    6.52    5.89    4.01    6.35    7.49    6.55    6.92    0.96    5.54    7.70    5.02    7.63
201302    0.28    0.86    1.80    0.95    0.69    2.01    1.28    1.38    1.09    0.86    0.43    1.20    2.39    2.50    0.48    2.03    0.62    0.90    1.48
201303    6.37    4.29    3.89    3.81    4.00    4.41    3.40    4.63    3.37    3.94    4.09    4.88    4.19    3.84    3.10    4.51    4.78    3.21    3.69
201304    2.50    0.87    1.45    2.33    1.07    2.01    0.90    1.18    2.60    1.45    0.53    0.46    2.74    1.88    0.23    0.71    1.74    2.84    2.14
201305    6.70    1.65    1.72    5.09    1.00    1.09    2.40    2.58    6.21    0.67    1.47    2.97    0.22    1.95    2.71    2.52    2.64    4.57    9.36
201306   -0.99   -0.82   -1.28   -1.60   -0.48   -0.48   -2.49   -1.21   -1.44   -0.70   -0.15   -1.49    0.00   -0.68   -3.72   -0.58   -1.95   -0.67   -2.86
201307    8.35    5.93    4.65    6.35    6.09    5.56    5.08    5.03    5.73    7.37    5.21    5.66    5.47    4.84    5.25    2.53    7.54    5.27    6.55