Month Less0   Lo30  Med40   Hi30   Lo20   Qnt2   Qnt3   Qnt4   Hi20   Lo10   Dec2   Dec3   Dec4   Dec5   Dec6   Dec7   Dec8   Dec9   Hi10
196107   -0.66    1.59    4.16    3.51    1.37    4.46    2.90    3.71    2.65    0.23    2.64    2.26    5.19    2.49    3.16    2.49    4.54    2.99    1.77
196108    0.84    4.28    2.43    0.60    4.65    2.37    2.77    1.49    0.74    5.23    4.01    3.14    2.13    4.04    1.95    3.06    0.44    0.29    1.90
196109   -7.24   -1.83   -2.23   -0.76   -1.62   -2.41   -2.16    0.07   -2.46   -1.98   -1.23   -2.49   -2.39   -1.48   -2.61   -1.63    1.24   -2.44   -2.52
196110    0.80    3.35    2.22    3.17    3.83    1.60    3.24    2.66    3.83    2.74    5.03    1.85    1.51    2.71    3.59    3.02    2.43    4.35    2.52
196111    5.87    3.37    5.46    4.99    2.95    5.95    4.36    6.11    2.82    2.25    3.70    4.76    6.34    4.51    4.25    4.08    7.46    3.69    0.58
196112   -0.14   -1.87    0.66    2.19   -1.40   -0.17    0.69    1.45    1.78   -1.20   -1.60   -3.36    0.87    0.75    0.65   -0.40    2.65    1.95    1.31
196201   -3.93   -5.56   -3.96    1.14   -6.28   -4.32   -3.22   -0.47    1.51   -6.04   -6.54   -3.24   -4.66   -3.90   -2.78   -2.41    0.75    1.77    0.78
196202    2.15    1.16    2.91    1.33    1.18    2.72    2.52    0.95    2.47   -0.14    2.62    1.10    3.23    2.52    2.52    2.36    0.09    3.21    0.45
196203   -2.42   -0.06   -0.84   -0.18    0.13   -1.11    0.09   -0.06   -0.98    0.42   -0.17   -0.69   -1.23    0.05    0.12   -1.30    0.71   -1.26   -0.20
196204  -10.62   -8.26   -5.22   -5.09   -8.78   -5.48   -5.62   -5.12   -4.81  -10.36   -7.09   -6.63   -5.12   -5.41   -5.76   -4.68   -5.39   -4.30   -6.23
196205  -12.92  -11.37   -7.83   -3.71  -12.31   -7.81   -8.46   -5.29   -3.44  -13.20  -11.40   -8.47   -7.60   -9.08   -8.06   -7.38   -4.01   -3.20   -4.10
196206  -11.36  -11.05   -7.37   -5.39  -12.18   -8.05   -6.41   -5.27   -5.89  -13.45  -10.90   -7.68   -8.16   -6.76   -6.19   -6.00   -4.83   -5.61   -6.69
196207   10.68    8.69    5.12    3.92    9.31    7.54    4.20    4.67    2.02   11.39    7.63    7.99    6.92    3.97    4.46    3.83    5.40    2.05    2.00
196208    7.19    1.95    2.75    1.62    2.91    2.31    2.24    2.01   -0.17    3.11    2.75    0.86    4.34    2.15    2.34    0.90    2.97    0.67   -0.68
196209   -9.71   -6.50   -3.27   -4.07   -7.29   -4.49   -3.74   -2.59   -6.31   -9.31   -5.58   -5.59   -3.01   -4.06   -3.37   -2.78   -2.44   -5.61   -6.74
196210   -4.99    0.43    0.77    0.42   -0.64    1.47    0.52    0.49    0.18   -1.27   -0.13    1.64    1.25    0.95    0.05    0.37    0.59    2.01   -0.96
196211   18.69   11.47   10.64   10.44   14.00    9.37   10.82    9.31   14.03   15.09   13.13    8.67   10.29   11.27   10.31   10.91    7.96   12.48   15.02
196212   -1.68    1.13    2.30    0.45    0.13    2.88    0.76    2.71   -2.34   -1.19    1.20    2.30    3.65    0.37    1.20    2.95    2.51    0.14   -3.90
196301    4.67    4.55    4.44    7.98    5.59    3.58    5.51    5.71    8.36    6.74    4.68    3.37    3.84    5.96    5.00    3.41    7.71    7.04    9.23
196302   -4.00   -2.46   -1.95   -1.84   -2.60   -2.33   -2.51   -1.29   -1.10   -3.15   -2.15   -2.30   -2.36   -3.12   -1.80   -0.02   -2.36   -1.33   -0.96
196303    2.49    2.51    3.87    4.87    2.23    3.56    3.38    5.19    2.64    2.94    1.66    2.83    4.50    3.65    3.07    3.72    6.45    3.66    1.99
196304    3.66    4.55    4.91    5.33    5.29    4.00    4.68    5.73    5.52    6.99    3.90    3.70    4.38    5.41    3.86    6.36    5.20    4.16    6.40
196305    3.54    2.24    0.54    5.00    3.22    0.07    1.60    3.98    3.68    4.20    2.39    1.10   -1.21    1.23    2.02    1.69    5.91    4.07    3.44
196306   -0.96   -2.27   -0.86   -3.07   -2.83   -0.96   -1.74   -2.03   -2.68   -4.49   -1.41   -1.61   -0.12   -1.81   -1.66   -0.43   -3.34   -1.35   -3.54
196307   -1.40   -0.33    0.14   -0.16   -0.30   -0.37    0.81   -0.66    0.01    0.17   -0.64   -0.39   -0.36    0.17    1.10   -0.59   -0.77   -0.19    0.55
196308    5.50    5.99    4.60    5.87    6.69    4.59    4.50    5.51    5.94    6.62    6.75    4.75    4.49    5.79    3.93    5.45    5.61    6.55    4.29
196309   -2.77   -1.44   -1.27   -0.84   -0.62   -1.04   -2.39   -1.94   -0.62   -1.31   -0.11   -2.92    0.13   -1.77   -2.67   -2.12   -1.66   -0.47   -1.05
196310    1.32    3.26    1.60    5.92    4.54    1.91    0.58    1.33    7.38    7.72    2.23    0.87    2.54   -0.60    1.12    1.98    0.37    9.79    0.70
196311   -0.58   -0.76    0.60   -3.22   -0.79    1.14   -0.56   -0.90   -3.91   -0.63   -0.92   -0.69    2.22   -1.10   -0.32   -1.22   -0.43   -4.86   -1.00
196312   -0.17    3.04    2.21    0.51    2.56    2.32    3.14    1.78    0.26    1.81    3.14    3.96    1.37    0.76    4.19    1.97    1.49    0.21    0.41
196401   -0.37    3.09    2.65    2.24    3.50    3.01    2.31    0.79    2.66    4.25    2.93    2.32    3.42    2.03    2.44    0.92    0.60    1.97    4.67
196402    2.48    2.01    1.62    1.78    2.60    1.00    1.98    2.15    1.77    2.95    2.34    0.88    1.07    3.79    1.21    2.38    1.81    1.39    2.83
196403    3.24    1.69    1.07    3.54    1.66    0.45    1.99    3.74    3.20    2.58    0.95    1.75   -0.31    2.27    1.86    3.02    4.85    2.36    5.58
196404   -3.42   -0.54    1.14    1.14   -1.39    0.97    1.63   -0.04    1.55   -2.15   -0.80    1.13    0.87   -0.11    2.40    0.24   -0.48    2.23   -0.30
196405   -0.21    1.97    1.35    2.19    2.53    0.48    2.15    2.00    2.44    2.76    2.35    0.90    0.23    2.47    2.01    2.54    1.17    2.78    1.49
196406    0.46    1.41    1.71    1.64    1.25    2.51    0.75    1.08    1.58    0.65    1.73    1.70    2.99    0.81    0.73    0.56    1.87    1.66    1.33
196407    0.66    0.66    2.72    4.36    0.47    1.95    2.11    2.57    5.39   -0.74    1.88    0.89    3.34    1.98    2.33    3.11    1.92    5.96    3.53
196408   -3.10   -1.76   -1.20    0.83   -2.19   -1.42   -1.24    0.14    1.08   -2.12   -2.26   -1.20   -1.70   -1.61   -0.61    0.09    0.20    1.36    0.16
196409    5.80    2.16    3.57    3.24    3.08    2.41    3.48    2.66    3.32    3.33    2.78    1.00    4.23    2.82    4.61    2.34    3.05    3.35    3.22
196410    1.17   -0.32    2.14    0.57   -0.46    1.29    1.56    1.39    0.35   -1.10    0.28   -0.13    3.07    1.77    1.21    1.62    1.11    0.67   -0.73
196411   -1.79    0.24    1.03   -1.03    0.71    1.09   -0.19   -0.10   -1.26   -0.43    2.02   -0.39    2.86    0.74   -1.74    0.19   -0.45   -1.86    0.79
196412   -0.91    0.91   -0.22    0.41    0.07    1.04   -0.12   -0.78    0.86    0.35   -0.23    2.00   -0.08    0.03   -0.38   -0.84   -0.71    1.30   -0.61
196501    7.36    4.41    2.85    4.10    5.52    2.96    2.29    4.63    3.70    6.38    4.56    2.99    2.94    1.24    4.10    4.28    5.07    3.63    3.95
196502    4.05    1.88   -0.66    0.06    2.64   -0.01   -1.37    1.70   -0.27    3.22    1.99    0.88   -1.07   -2.36    0.30    2.38    0.86   -0.62    0.94
196503   -0.66   -1.21   -1.54    0.63   -1.58   -1.63   -0.78   -0.24    0.71   -1.37   -1.82   -0.72   -2.74   -1.45    0.32   -0.77    0.43    1.11   -0.65
196504    4.16    3.94    2.26    4.46    4.90    2.41    2.09    2.96    5.14    5.87    3.77    2.66    2.11    0.96    3.91    3.07    2.83    6.17    1.55
196505   -0.95    0.03    0.03   -2.16   -0.57    1.23   -1.27   -0.76   -2.49   -0.58   -0.56    0.84    1.71   -0.12   -3.08   -0.29   -1.35   -2.95   -0.84
196506  -11.86   -4.80   -4.33   -5.97   -5.04   -4.44   -3.95   -5.54   -5.97   -5.83   -4.11   -4.47   -4.41   -3.00   -5.50   -5.20   -5.97   -6.28   -4.88
196507    4.13    2.25    0.85    2.25    2.53    0.87    1.70    1.34    2.08    3.53    1.48    1.75    0.12    1.02    2.50    0.70    2.64    2.13    1.93
196508    7.44    4.09    1.94    2.85    4.95    1.98    3.01    1.90    2.43    4.90    5.01    2.49    1.54    4.25    1.57    0.95    3.82    2.38    2.57
196509    4.59    3.50    2.92    3.01    3.53    3.03    3.13    2.34    3.81    2.17    4.99    3.43    2.68    3.45    2.75    2.94    1.16    4.30    2.41
196510    7.50    3.10    1.73    4.72    3.87    0.80    2.50    3.45    4.94    3.80    3.93    1.65    0.05    2.84    2.09    3.06    4.21    5.43    3.49
196511    7.79    1.91   -0.81   -2.06    1.95   -0.41    0.59   -0.75   -2.44    3.09    0.75    1.83   -2.41   -0.45    1.88   -0.56   -1.14   -3.66    1.18
196512    4.65    1.60    0.58    1.74    2.04    0.27    0.53    2.07    1.30    0.81    3.35    0.76   -0.18    0.66    0.38    1.72    2.76    1.30    1.31
196601    4.64    1.08    0.19    2.17    1.37    0.07   -0.11    1.51    2.35    1.48    1.26    0.50   -0.34   -1.03    0.99    1.38    1.76    1.54    4.65
196602    5.17   -0.32   -1.77   -1.31    0.65   -1.41   -2.79   -1.60   -1.39    3.15   -1.98   -2.25   -0.62   -2.48   -3.16   -1.85   -1.13   -1.72   -0.46
196603   -0.99   -0.38   -3.06   -4.05    0.81   -3.49   -1.96   -3.39   -4.18    0.90    0.72   -2.83   -4.10   -2.32   -1.54   -3.20   -3.74   -4.68   -2.79
196604    7.46    3.72    1.89   -0.64    4.56    2.07    1.56    1.50   -1.22    4.56    4.56    1.92    2.21    1.78    1.30    1.92    0.69   -1.82    0.39
196605  -11.18   -4.76   -4.55   -6.28   -5.51   -3.75   -4.09   -5.75   -6.28   -5.38   -5.65   -3.12   -4.36   -4.24   -3.92   -5.47   -6.29   -6.53   -5.62
196606    2.62   -0.98   -1.48   -1.35   -0.43   -1.15   -2.20   -1.47   -1.99   -0.52   -0.33   -2.17   -0.17   -3.42   -0.77   -2.25    0.09   -2.24   -1.35
196607   -2.03   -2.27   -0.69   -0.41   -2.21   -1.35   -0.87   -0.47   -0.57   -1.85   -2.79   -2.39    0.22   -0.98   -0.82   -1.02   -0.10   -0.55   -0.58
196608   -9.58   -8.13   -7.04   -6.91   -7.77   -8.44   -6.77   -7.02   -7.04   -8.60   -6.43   -8.99   -7.63   -8.28   -5.94   -7.59   -6.65   -6.05   -7.86
196609   -2.77   -2.21    0.64    0.00   -2.69   -0.52    0.74   -0.18    0.39   -4.09   -0.49   -1.03    0.24   -1.84    2.13    0.67   -0.73   -0.59    1.23
196610   -5.77    2.22    7.28    4.40    0.46    6.35    7.60    7.62    2.50    0.44    0.49    6.50    6.14    5.32    8.78    7.17    7.91    5.31    0.18
196611   12.82    7.45   -0.99   -3.45    9.56    1.65   -1.37   -2.20   -3.63   12.31    5.40    2.62    0.23   -0.59   -1.76   -0.73   -3.15   -2.03   -5.00
196612    1.92   -0.21    1.02    0.54    0.23   -0.30    0.56    1.54    0.53    0.91   -0.88   -1.29    1.19    0.59    0.54    3.03    0.55    0.18    0.85
196701   16.63    8.37    6.60   10.58    9.18    6.99    6.15    6.51   13.12    9.24    9.07    6.37    7.91    7.36    5.55    7.01    6.17   12.40   13.76
196702    4.53    3.21    0.04   -1.14    3.97    1.46   -0.24   -1.24   -0.94    5.44    1.55    1.27    1.74   -1.20    0.26   -0.87   -1.50   -0.32   -1.49
196703    6.92    4.93    3.57    4.20    5.16    4.01    3.46    4.15    4.19    5.21    5.08    4.31    3.58    4.06    3.16    4.04    4.22    3.70    4.64
196704    5.09    6.02    2.58    3.71    6.16    5.23    1.93    2.14    4.83    6.10    6.26    5.65    4.63    3.08    1.34    2.90    1.63    1.78    7.52
196705   -2.16   -4.81   -3.59   -3.55   -4.67   -4.18   -3.93   -3.18   -3.77   -5.22   -3.73   -5.19   -2.67   -3.60   -4.10   -3.24   -3.14   -2.23   -5.06
196706   10.72    3.03    2.23    0.87    3.19    2.67    1.97    1.72    0.80    3.69    2.36    2.60    2.76    1.85    2.03    2.75    1.01    1.73    0.00
196707    8.99    3.91    4.52    6.23    3.65    5.14    4.09    5.16    6.60    4.15    3.00    4.74    5.49   11.45    0.99    4.78    5.45    7.26    5.75
196708   -0.30   -0.97   -0.76    0.16   -1.05   -0.26   -1.11   -0.78    0.61   -1.08   -1.00   -0.74    0.15   -1.63   -0.87   -0.77   -0.79    0.39    0.91
196709    6.93    4.11    2.61    2.98    4.75    1.82    3.33    2.05    3.13    5.46    3.80    2.04    1.63    2.05    3.92    1.25    2.67    3.26    2.96
196710    0.64    0.12   -4.37   -4.51    1.52   -4.42   -3.97   -5.62   -4.12    3.91   -1.83   -4.44   -4.40   -6.80   -2.68   -5.97   -5.35   -5.16   -2.75
196711    0.83    2.31    0.04   -0.51    2.70    0.30    0.02    0.88   -1.24    2.37    3.18    0.96   -0.27    0.95   -0.38    0.61    1.09   -1.47   -0.93
196712    7.69    2.98    3.30    2.75    2.55    3.63    3.08    3.88    2.59    2.78    2.21    4.50    2.86    2.97    3.12    4.95    3.10    2.89    2.22
196801   -7.17   -7.14   -2.02    0.18   -8.07   -3.77   -1.50   -0.64    0.21   -8.83   -6.92   -3.93   -3.63   -3.45   -0.66   -1.66    0.13   -0.99    1.77
196802   -9.03   -3.99   -2.74   -1.55   -4.12   -3.88   -2.40   -1.72   -1.54   -4.01   -4.28   -3.57   -4.17   -2.92   -2.18   -1.93   -1.57   -1.57   -1.50
196803    1.47    3.19   -0.92   -0.62    3.45    2.03   -1.76   -1.03   -0.58    4.05    2.56    2.33    1.76   -1.62   -1.82   -1.46   -0.72   -1.57    0.68
196804   17.93   12.22    6.98    6.82   12.57   10.98    5.58    7.09    6.53   12.52   12.64   11.01   10.95    8.23    4.48    6.61    7.44    7.32    5.55
196805    9.72    4.13    1.09    1.24    4.36    2.16    0.85    2.07    0.80    4.90    3.55    3.29    1.16    1.29    0.67    1.94    2.16    0.30    1.42
196806   -2.80   -0.71    2.77    2.42   -0.86    0.28    3.03    3.49    2.46   -1.19   -0.37   -0.16    0.67    1.95    3.51    5.11    2.35    2.63    2.25
196807   -4.72   -5.66   -1.39    0.94   -5.48   -3.79   -2.19    0.21    1.04   -5.61   -5.29   -6.30   -1.33   -1.87   -2.42   -0.12    0.61   -0.40    2.35
196808    2.19    1.80    2.05    1.45    1.86    1.52    2.22    2.12    1.29    0.81    3.46    1.59    1.45    1.48    2.76    2.24    1.98    1.61    1.00
196809    8.23    2.84    5.54    4.11    2.42    5.05    5.62    5.69    3.45    2.57    2.20    4.35    5.71    6.51    4.96    5.30    6.16    3.66    3.26
196810   -1.63   -1.93    2.02    2.97   -2.38    0.08    2.22    2.33    3.40   -3.79   -0.28   -0.34    0.47    0.55    3.49    2.89    1.68    3.23    3.55
196811    9.47    6.83    5.69    4.58    7.42    5.79    4.75    6.49    3.92    8.67    5.63    4.76    6.74    5.35    4.31    6.36    6.64    5.63    2.40
196812   -1.30   -4.53   -3.57   -3.05   -4.97   -3.99   -3.26   -2.54   -3.40   -4.70   -5.37   -2.97   -4.92   -3.24   -3.27   -3.01   -1.97   -3.71   -3.12
196901   -1.96   -1.91   -0.80    0.58   -2.39   -0.72   -0.44   -0.77    0.91   -2.53   -2.20   -0.19   -1.21   -0.18   -0.63   -1.06   -0.43    0.67    1.13
196902  -11.30   -4.86   -5.28   -4.22   -4.78   -4.89   -6.17   -5.23   -3.55   -4.72   -4.87   -5.13   -4.67   -6.07   -6.24   -4.36   -6.26   -4.18   -2.98
196903    3.77    4.16    2.71    2.53    4.29    2.83    2.12    4.69    1.63    5.10    3.08    3.71    2.01    1.80    2.37    4.16    5.32    0.42    2.71
196904    3.34    3.10    1.65    1.29    3.27    2.44    1.49    0.85    1.64    3.48    2.95    2.53    2.36    2.50    0.75    1.37    0.24    3.95   -0.36
196905   -0.30   -0.15    0.29    0.96    0.04    0.51   -0.55    0.97    0.73   -0.96    1.56   -0.82    1.79   -1.40    0.09    0.42    1.63   -0.08    1.45
196906  -12.33   -3.99   -7.47   -6.72   -3.53   -6.83   -6.89   -8.39   -6.00   -1.01   -7.30   -5.63   -7.96   -6.47   -7.19   -7.99   -8.86   -6.20   -5.83
196907  -10.11   -5.53   -7.77   -5.51   -5.35   -7.56   -6.68   -7.06   -4.71   -5.07   -5.85   -6.02   -9.47   -6.13   -7.27   -8.21   -6.37   -4.52   -4.82
196908    8.71    7.66    4.59    2.13    7.92    6.06    5.11    3.63    0.66    7.77    8.18    6.97    4.89    4.42    5.86    3.46    3.72    1.24    0.31
196909   -2.64   -0.73   -3.59   -3.41   -1.06   -0.71   -2.94   -5.00   -2.50    0.01   -3.01    0.20   -1.90   -1.82   -4.13   -6.09   -4.37   -3.84   -1.68
196910    9.33    6.48    5.24    3.91    6.31    6.28    5.29    3.83    4.63    6.02    6.84    6.94    5.40    6.87    3.57    5.02    3.16    5.94    3.83
196911   -4.91   -2.18   -3.97   -3.57   -2.12   -2.64   -3.77   -3.56   -4.43   -1.10   -4.00   -2.36   -3.01   -3.91   -3.62   -5.14   -2.65   -4.99   -4.08
196912   -6.86    0.18   -2.03   -3.36    0.03   -0.25   -2.55   -3.14   -2.76    0.14   -0.20    0.59   -1.40   -1.87   -3.32   -1.64   -3.98   -2.03   -3.21
197001  -11.07   -7.96   -8.90   -4.58   -8.33   -7.95   -7.83   -7.12   -4.02   -8.25   -8.49   -6.98   -9.30   -6.94   -8.84  -10.45   -5.18   -4.59   -3.65
197002    3.61    4.11    6.76    6.88    3.20    6.38    6.40    6.60    7.81    2.45    4.66    6.52    6.18    5.65    7.29    7.94    5.86    8.52    7.37
197003   -6.09   -2.74    0.49    2.75   -2.56   -2.19    0.96    1.76    3.12   -2.63   -2.41   -3.20   -0.72    1.43    0.43    0.71    2.35    2.03    3.79
197004  -22.75  -11.61   -9.76   -7.01  -11.78  -11.67   -8.77   -7.86   -6.95  -12.44  -10.55  -11.15  -12.39   -9.02   -8.47   -9.29   -7.08   -8.20   -6.19
197005  -12.20   -8.89   -5.61   -3.27   -8.97   -8.10   -5.93   -2.37   -4.70   -8.13  -10.53   -8.68   -7.27   -7.16   -4.49   -3.65   -1.68   -5.28   -4.35
197006   -9.98   -6.60   -2.74   -5.48   -7.75   -3.78   -0.97   -5.51   -5.17   -9.47   -4.46   -3.64   -3.96   -1.09   -0.83   -4.93   -5.82   -5.36   -5.05
197007    4.96    4.49    9.88    9.12    3.87    8.69    8.62   10.89    7.06    2.85    5.02    6.92   10.15    8.38    8.89   11.13   10.67    7.31    6.67
197008    7.84    4.33    4.27    6.86    4.44    3.22    5.68    5.87    5.75    5.60    3.15    3.92    2.65    5.49    5.88    3.93    7.68    6.53    4.48
197009   19.01    7.09    1.99    1.96    7.72    3.95    2.37    0.72    3.39    9.32    5.91    4.68    3.37    1.90    2.89    0.47    0.94    2.12    5.50
197010   -9.28   -0.80   -2.12   -1.33   -0.47   -1.83   -2.07   -1.21   -3.19   -0.56   -0.35   -2.11   -1.60   -3.30   -0.74   -2.59    0.03   -2.36   -4.51
197011    1.29    4.90    4.77    6.94    4.70    4.38    5.28    6.33    6.55    4.06    5.45    5.68    3.32    4.49    6.13    5.32    7.22    7.96    4.26
197012    4.00    5.16    7.37    6.59    4.93    7.24    7.07    6.47    7.49    4.16    5.82    6.08    8.21    8.54    5.55    7.05    5.96    7.61    7.28
197101   13.21    5.06    5.50    3.06    4.72    5.58    4.84    3.37    6.78    5.26    4.09    6.40    4.91    5.21    4.44    6.77    0.42    6.04    8.02
197102    3.55    2.36    0.73    1.66    2.32    2.86    1.32    0.06    1.40    2.85    1.73    2.50    3.16    0.46    2.24   -1.88    1.85    0.99    2.08
197103    8.28    5.97    3.03    2.95    6.10    4.66    4.14    2.31    2.11    6.89    5.17    5.48    3.98    4.60    3.66    0.86    3.59    1.80    2.61
197104    3.95    3.94    3.11    3.55    3.78    4.28    3.04    2.99    3.64    3.14    4.53    4.58    4.04    2.01    4.13    2.41    3.49    2.70    5.20
197105   -5.83   -2.73   -4.15   -4.21   -2.64   -3.46   -3.67   -4.69   -4.01   -3.72   -1.39   -3.07   -3.79   -2.65   -4.73   -5.08   -4.36   -3.99   -4.04
197106   -2.18    0.99    0.59   -0.69    0.91    1.13    0.22   -0.26   -0.12    1.61    0.12    1.33    0.95   -1.30    1.84    0.74   -1.13    1.42   -2.60
197107   -9.21   -4.75   -3.49   -2.81   -5.95   -2.85   -3.82   -3.00   -2.63   -5.66   -6.15   -2.06   -3.71   -6.03   -1.66   -2.91   -3.12   -2.60   -2.72
197108    6.96    5.16    6.15   -0.07    4.79    6.71    5.12    2.84    0.43    3.70    5.55    5.96    7.54    5.48    4.79    5.98   -0.98   -1.19    4.23
197109   -1.54    0.42   -0.78   -1.17   -0.04    0.30   -1.19   -0.73   -1.04    0.88   -0.67    1.41   -0.92   -1.30   -1.09   -0.21   -1.41    0.06   -3.49
197110   -7.18   -3.98   -4.69   -2.42   -3.93   -4.03   -5.55   -3.98   -1.90   -5.03   -3.17   -4.07   -3.98   -5.03   -6.04   -4.44   -3.38   -2.15   -1.33
197111   -3.22    1.01   -0.41   -0.38    0.88    0.86   -1.40   -0.08   -0.57    0.89    0.88    1.26    0.41   -1.90   -0.93   -0.12   -0.03   -0.63   -0.42
197112   13.15   10.13    7.91    8.28   10.55    8.67    9.14    7.78    7.66   10.24   10.76    9.25    8.03    9.95    8.38    6.52    9.42    7.67    7.64
197201   11.13    3.53    1.41    1.21    4.49    1.36    1.91    0.32    2.22    4.02    4.81    1.49    1.21    1.48    2.32    1.06   -0.64    1.39    4.12
197202    3.22    5.86    1.87    0.18    5.42    4.64    3.05    0.67   -0.31    7.91    3.74    6.82    2.15    2.67    3.40    0.33    1.10   -0.49    0.10
197203    0.50    1.71    1.83   -1.91    1.70    2.18   -0.49    0.82   -1.51    1.53    1.83    1.71    2.74   -1.17    0.16    3.51   -2.64   -2.01   -0.38
197204   -0.07    1.23    1.02   -1.03    1.35    1.66    0.75   -0.18   -1.43    2.26    0.72    0.97    2.47    1.17    0.36   -0.11   -0.27   -1.31   -1.68
197205    0.65    3.94   -0.69    1.08    4.37    1.76   -0.45   -0.25    0.54    5.55    3.54    2.99    0.32   -0.59   -0.32   -1.96    2.08    1.48   -1.53
197206   -3.80   -0.94   -3.25   -2.12   -1.33   -1.62   -3.69   -2.44   -2.02   -0.94   -1.62   -0.08   -3.47   -5.04   -2.43   -2.55   -2.29   -2.07   -1.91
197207   -5.95    1.14   -1.53   -0.40    1.51   -0.43   -1.60   -1.00   -0.35   -0.47    2.75    0.14   -1.23   -0.76   -2.29   -1.81   -0.50   -0.22   -0.62
197208    1.31    0.19    5.87    7.56    0.19    2.03    6.73    8.05    6.55    0.62   -0.06    0.19    4.67    5.62    7.66    5.69    9.47    7.91    3.51
197209   -4.49   -0.06   -2.17    0.44    0.21   -1.22   -2.64   -0.60    0.69   -0.54    0.66   -0.79   -1.82   -3.12   -2.23   -1.60   -0.01    1.05   -0.12
197210   -0.65    0.47    0.66    2.24    0.14    1.21    0.35    0.33    3.45    0.79   -0.25    1.36    0.99    1.20   -0.34    0.90    0.01    3.25    3.90
197211    3.53    2.04    7.18    7.71    1.36    4.63    6.59    8.82    7.75    0.56    1.85    3.88    5.68    5.36    7.60   10.89    7.63    7.75    7.75
197212   -1.53    2.93    0.12   -0.50    3.38    1.74   -0.96    0.10   -0.76    3.53    3.29    1.77    1.70   -0.40   -1.42    0.28   -0.01    0.29   -3.22
197301   -8.40   -1.49   -5.37   -0.10   -0.93   -4.06   -5.00   -2.18   -0.18   -3.84    0.82   -2.96   -5.56   -5.28   -4.76   -5.92    0.06    0.44   -1.70
197302  -10.57   -2.55   -4.84   -4.49   -2.42   -3.49   -5.22   -6.11   -3.23   -4.40   -1.29   -2.90   -4.32   -5.44   -5.03   -4.73   -6.89   -4.01   -1.30
197303   -2.62   -0.97   -1.33    0.91   -0.43   -1.91   -1.92    1.05    0.46   -2.06    0.47   -2.45   -1.15   -3.52   -0.62   -0.24    1.80    1.43   -1.89
197304  -10.90   -6.25   -4.96   -0.44   -6.66   -5.64   -4.45   -2.41    0.14   -7.98   -5.95   -5.08   -6.42   -4.76   -4.20   -3.90   -1.57    0.02    0.45
197305  -10.31   -0.65   -2.23   -2.66   -0.84   -1.33   -1.34   -4.22   -1.55   -0.06   -1.25   -0.15   -3.00   -1.61   -1.13   -3.11   -4.83   -1.72   -1.12
197306   -5.82   -0.36   -2.40    0.24   -0.39   -0.75   -2.20   -1.61    0.42   -1.10   -0.01   -0.27   -1.45   -2.80   -1.73   -4.25   -0.12    0.93   -0.87
197307   16.77    6.49    3.62    1.90    5.71    8.10    4.43    2.50    0.77    5.88    5.56   10.13    5.25    3.30    6.01    1.39    5.37    1.28   -0.14
197308   -4.12   -3.29   -2.91   -2.95   -3.61   -1.89   -2.81   -3.93   -2.42   -3.37   -3.83   -1.83   -1.97   -3.99   -1.20   -3.70   -4.53   -3.24   -0.94
197309   12.36    1.34    9.76    7.87   -0.20    9.60    9.23    9.86    6.69    1.75   -1.96    8.18   11.68    8.63   10.03    9.23   11.47    7.44    5.35
197310    0.55    0.92   -0.91   -2.20    0.92    1.15   -0.12   -2.74   -2.92   -0.78    2.52    0.90    1.51   -0.72    0.67   -3.80   -0.10   -3.86   -1.22
197311  -21.40  -11.10  -11.81  -11.91  -11.31  -11.58  -12.00  -11.42  -11.13  -12.13  -10.56  -10.25  -13.44  -10.55  -13.88  -10.30  -14.09  -12.68   -8.41
197312    0.45   -1.42    5.76    1.75   -2.04    2.31    6.81    4.34    1.71   -1.27   -2.72    1.08    4.10    5.70    8.29    5.33    1.86    1.99    1.24
197401    9.00   -2.27   -0.03    6.53   -1.92   -2.15   -1.97    4.15    6.34   -3.66   -0.35   -3.63   -0.06   -2.49   -1.29    3.02    7.06    6.56    5.98
197402    0.63   -0.82    0.86    1.61   -1.26    1.11   -0.48    2.78    0.97   -2.25   -0.39    0.92    1.36   -0.26   -0.76    2.51    3.45    0.23    2.21
197403   -4.10   -1.75   -2.80   -2.41   -1.34   -3.42   -2.59   -2.45   -2.51   -1.06   -1.59   -3.34   -3.54   -3.74   -1.11   -2.58   -2.13   -1.58   -4.04
197404   -4.97   -3.70   -4.56   -6.46   -3.40   -4.82   -4.80   -4.07   -7.36   -4.31   -2.60   -4.90   -4.71   -4.13   -5.64   -4.11   -3.97   -5.58  -10.40
197405   -7.96   -1.64   -5.25   -3.46   -0.81   -5.68   -6.40   -3.14   -3.18    1.13   -2.47   -5.03   -6.57   -6.62   -6.12   -2.71   -4.21   -1.43   -6.32
197406   -5.38   -1.19   -1.57   -3.30   -1.24   -1.05   -2.42   -0.89   -3.99   -1.82   -0.72   -0.99   -1.13   -2.74   -2.01   -0.68   -1.43   -3.38   -5.16
197407   -8.74  -10.50   -3.95   -3.05  -11.15   -6.89   -3.24   -3.00   -3.76  -11.64  -10.85   -7.91   -5.48   -3.27   -3.19   -3.53   -1.94   -0.75   -6.16
197408   -9.92   -9.81   -8.08   -6.38   -9.39  -11.84  -10.35   -4.66   -6.33   -9.95   -9.05  -11.42  -12.40  -10.30  -10.41   -3.74   -6.46   -7.07   -5.69
197409  -13.42  -14.63   -7.38   -5.28  -15.76   -9.23   -7.45   -7.11   -4.04  -16.45  -15.34  -10.21   -7.88   -9.30   -5.00   -7.06   -7.22   -3.16   -4.77
197410   14.10   21.46   15.19    6.85   21.79   18.64   17.47   12.02    4.69   22.97   21.09   20.25   16.49   21.46   12.42   12.86   10.32    8.86    1.14
197411   -4.96   -4.26   -3.96   -3.13   -4.83   -2.53   -3.78   -4.35   -2.67   -4.65   -4.93   -2.15   -3.07   -5.32   -1.67   -4.60   -3.83   -1.70   -3.55
197412   -8.74   -4.19   -0.03   -1.75   -4.33   -2.96   -1.16    1.37   -3.04   -4.30   -4.36   -3.68   -1.94    0.31   -3.10    1.93    0.23   -1.92   -4.08
197501   27.27   10.58   14.13   21.86   10.18   12.73   15.36   15.40   23.54    7.68   11.71   12.03   13.68   12.92   18.69   13.50   19.38   18.48   28.33
197502    8.20    9.52    2.92    1.48   10.28    4.98    2.23    3.05    1.24    9.45   10.76    6.81    2.53    3.25    0.90    3.66    1.85    1.16    1.30
197503    7.73    3.32    3.18    0.96    3.45    3.68    5.58    0.29    1.68    4.19    3.03    2.83    4.86    5.82    5.27    0.49   -0.13    0.55    2.68
197504    8.46    5.34    4.98    0.74    5.16    7.29    4.68    2.38    0.27    6.51    4.37    6.00    9.05    5.15    4.05    2.83    1.47   -1.31    1.61
197505    8.44    5.56    4.46    7.20    5.50    4.63    4.60    6.45    5.99    4.88    5.87    5.78    3.09    4.94    4.13    5.20    9.06    5.86    6.09
197506    7.25    3.59    6.21    7.94    2.66    6.69    6.43    5.90    9.52    3.32    2.27    7.03    6.21    5.50    7.71    6.03    5.63    7.41   11.32
197507   -6.15   -8.40   -4.11   -3.75   -8.42   -7.24   -4.58   -3.42   -3.41   -8.33   -8.49   -8.38   -5.03   -4.12   -5.23   -2.70   -4.09   -3.73   -2.88
197508   -5.37   -2.67   -2.03   -1.70   -3.47   -1.49   -1.81   -2.53   -0.62   -4.25   -2.85   -1.17   -2.09   -1.29   -2.55   -2.24   -2.82   -0.78   -0.35
197509   -4.43   -4.82   -3.01   -1.89   -5.67   -3.36   -4.09   -1.27   -2.42   -6.69   -4.87   -3.26   -3.53   -4.59   -3.36   -1.19   -1.34   -2.66   -2.02
197510    2.91    6.62    5.44    5.51    6.22    6.32    6.24    5.50    5.40    3.81    8.05    7.34    4.37    5.83    6.82    5.38    5.62    4.83    6.32
197511    1.64    3.09    3.20    3.43    2.58    3.81    3.75    3.04    3.14    0.35    4.21    4.00    3.44    3.26    4.45    2.32    3.73    2.74    3.78
197512   -0.98   -2.54   -0.17    0.49   -2.84   -1.89   -0.12    1.03   -0.02   -2.48   -3.09   -2.03   -1.64   -0.33    0.17    1.05    1.02   -0.26    0.35
197601   20.91   11.96   13.05   11.80   11.15   13.15   15.32   10.94   12.31   13.22    9.69   13.38   12.70   15.88   14.53   10.58   11.28   13.77   10.04
197602    8.24   -1.68    2.86    0.95   -2.45    0.99    3.28    1.78    0.03   -2.31   -2.56   -0.35    3.63    3.18    3.43    1.66    1.89    0.44   -0.62
197603    3.20    2.83    2.32    2.63    3.02    2.34    0.78    3.64    2.51    0.52    4.86    2.51    2.02    0.30    1.46    4.58    2.75    3.59    0.74
197604   -2.56   -2.41   -0.34    1.09   -2.85   -1.20   -0.69    0.52    1.24   -2.53   -3.07   -1.66   -0.33    0.23   -1.98    0.10    0.93    1.23    1.27
197605   -2.37   -1.49    0.60   -1.83   -2.11   -0.08    0.22   -0.28   -2.11   -0.36   -3.35   -0.45    0.62    0.65   -0.39    1.04   -1.54   -2.44   -1.55
197606    5.20    4.96    4.11    4.31    4.26    5.62    4.00    4.03    4.30    5.84    3.11    6.12    4.68    2.76    5.80    3.75    4.31    4.81    3.47
197607   -0.80   -1.45   -0.84    1.47   -1.54   -1.49   -1.11    0.86    1.87   -2.22   -1.09   -1.31   -1.75   -2.26   -0.34    1.10    0.62    1.47    2.53
197608   -4.81   -0.65   -0.78    2.89   -1.33    0.03   -1.37    0.45    3.79   -1.95   -0.92    0.34   -0.43   -2.29   -0.77   -0.07    1.00    3.61    4.08
197609    1.15    2.01    2.79    2.84    2.09    1.71    3.46    3.13    2.82    3.47    1.19    1.90    1.43    1.48    4.75    3.39    2.86    2.19    3.86
197610   -4.73   -2.94   -1.95   -0.24   -2.75   -2.59   -1.26   -2.52    0.21   -3.84   -2.02   -3.21   -1.67   -1.78   -0.93   -3.75   -1.22    0.62   -0.44
197611    3.19   -0.38    0.46    2.60   -1.06   -0.05    1.10    2.01    2.52    0.25   -1.91    0.61   -1.02    1.24    1.02    1.25    2.79    2.26    2.94
197612    8.81    4.39    7.48    6.38    4.08    5.67    8.34    7.37    5.53    3.88    4.22    4.84    6.92    7.51    8.86    6.50    8.25    5.30    5.89
197701    0.28   -6.74   -3.75    0.67   -7.64   -5.65   -3.80   -0.04    0.76   -7.83   -7.51   -5.46   -5.92   -3.82   -3.78   -0.55    0.47    0.39    1.37
197702   -3.35   -1.87   -1.25   -1.32   -2.70   -0.67   -1.51   -1.50   -1.29   -3.61   -2.07   -0.72   -0.59   -0.35   -2.23   -1.62   -1.38   -0.56   -2.46
197703   -0.13   -1.24   -0.99   -0.62   -1.75   -0.70   -1.23   -0.73   -0.51   -2.45   -1.27   -0.55   -0.93    0.42   -2.28   -0.59   -0.87   -1.14    0.53
197704    0.24   -1.42    1.42    2.06   -1.33   -0.66    2.09    2.12    1.59   -1.11   -1.48   -1.53    0.62    1.18    2.68    1.16    3.05    1.27    2.11
197705   -0.79   -2.13   -1.40    0.94   -1.47   -2.57   -1.54   -0.34    1.51   -0.10   -2.39   -3.01   -1.94   -2.27   -1.06   -0.39   -0.28    1.84    0.98
197706    9.94    6.45    4.13    3.85    6.87    5.18    3.90    4.06    3.96    8.61    5.67    5.86    4.20    3.47    4.17    4.52    3.61    3.34    4.96
197707   -1.04   -1.82   -1.38   -0.63   -1.69   -1.61   -1.79   -1.33    0.03   -1.89   -1.44   -1.99   -1.20   -1.24   -3.03   -0.45   -1.99   -0.30    0.48
197708   -0.75    0.22   -1.00   -2.85   -0.22    0.41   -0.65   -3.79   -2.20    0.29   -0.83    0.81   -0.01    0.01   -2.19   -3.26   -4.20   -2.75   -1.46
197709   -0.08    0.22   -0.93    1.48    0.65   -0.56   -1.24    0.21    1.93    0.26    1.12   -0.32   -0.81   -1.39   -0.87   -0.20    0.53    2.01    1.81
197710   -4.72   -4.63   -3.69   -3.30   -5.02   -3.91   -3.94   -3.01   -3.41   -5.52   -4.40   -4.12   -3.69   -4.29   -3.12   -2.94   -3.06   -3.94   -2.71
197711    9.23    6.12    4.56    2.64    6.85    4.67    4.69    3.91    2.33    7.28    6.33    5.16    4.15    4.37    5.44    4.73    3.30    2.32    2.33
197712    2.13    1.14    0.39    0.79    2.16   -0.39    0.82    0.88    0.59    1.64    2.79   -0.21   -0.57    0.72    1.07    0.44    1.21    1.39   -0.47
197801   -2.03   -6.91   -5.95   -4.20   -7.28   -6.39   -5.65   -5.34   -3.97   -7.79   -6.68   -6.40   -6.38   -5.34   -6.38   -6.21   -4.69   -4.25   -3.58
197802    1.53   -1.66   -1.71    0.36   -1.55   -1.72   -1.56   -1.58    1.06   -2.01   -1.00   -1.80   -1.64   -1.93   -0.70   -2.23   -1.10    1.67    0.24
197803    8.59    3.84    2.76    3.06    4.39    3.24    1.79    4.02    2.86    2.81    6.22    3.10    3.39    0.66    4.42    4.75    3.48    2.87    2.84
197804   10.56   11.34   10.24    3.74   10.75   11.97   10.21    7.77    2.05   11.10   10.36   12.14   11.79   10.95    8.55    8.30    7.36    2.66    1.24
197805    8.04    4.18    2.25    0.02    4.75    2.99    2.08    1.38   -0.31    4.45    5.08    3.40    2.56    1.68    2.99    2.30    0.68    0.23   -1.04
197806    1.00   -0.33   -1.72   -1.50   -0.44   -1.17   -1.51   -2.45   -0.74   -0.52   -0.34   -0.19   -2.21   -1.68   -1.14   -1.67   -3.05   -1.30    0.04
197807    8.63    7.37    6.33    3.20    8.31    6.64    6.66    4.12    3.07    8.57    8.07    5.86    7.69    7.59    5.60    4.50    3.67    2.81    3.43
197808    8.59    5.26    4.16    3.17    5.94    4.07    4.36    4.36    2.62    6.44    5.48    4.13    3.99    4.63    4.04    3.80    5.03    3.66    1.10
197809   -1.50   -2.40   -1.50    1.45   -2.47   -2.27   -1.97    0.57    1.59   -2.98   -1.98   -2.30   -2.23   -2.91   -0.87    0.23    0.98    2.32    0.52
197810  -24.22  -14.22  -10.60   -7.95  -15.65  -12.08   -9.72  -11.11   -7.09  -17.75  -13.68  -11.86  -12.36   -8.90  -10.65  -11.42  -10.74   -7.31   -6.77
197811    8.60    4.83    2.77    2.74    5.64    3.23    2.93    2.58    2.70    6.95    4.47    3.57    2.78    3.36    2.44    2.33    2.87    2.82    2.52
197812    3.03    2.83    2.21    0.14    2.82    2.78    2.93    1.19   -0.57    3.45    2.24    2.86    2.68    4.85    0.67    0.07    2.51    0.26   -1.83
197901    8.84    3.38    5.32    5.14    3.78    3.95    4.89    5.47    5.30    3.94    3.63    2.73    5.62    4.61    5.22    6.21    4.63    4.90    5.92
197902   -2.20   -4.45   -3.00   -1.60   -4.97   -3.60   -3.26   -1.95   -1.47   -4.75   -5.19   -3.61   -3.58   -3.17   -3.37   -1.88   -2.02   -1.02   -2.16
197903   14.06    7.58    6.48    4.75    8.96    6.09    5.51    8.56    3.59   10.52    7.46    5.42    6.98    5.48    5.56    8.51    8.61    4.12    2.76
197904    2.29    1.34    0.71    0.21    1.22    1.09    0.79    1.31   -0.38    1.69    0.75    1.53    0.52    0.03    1.72    0.65    2.08    0.00   -0.98
197905   -0.29   -2.17   -1.44   -0.84   -1.86   -1.49   -1.57   -1.83   -0.68   -2.80   -0.91   -2.66    0.07   -1.97   -1.07   -2.24   -1.36   -1.58    0.76
197906    8.00    5.61    3.83    4.58    5.49    4.98    3.09    5.80    4.09    6.10    4.90    5.80    3.91    1.66    4.82    5.58    6.07    4.03    4.19
197907    1.15    2.69    1.12    1.43    2.47    1.90    0.25    2.69    1.07    2.13    2.77    3.02    0.66   -0.15    0.81    3.30    2.09    1.45    0.60
197908    8.20    8.13    6.48    4.23    8.87    6.95    6.04    6.78    3.00    9.86    8.00    7.02    6.87    5.16    7.28    7.08    6.47    3.76    2.04
197909    0.22    1.05   -0.10   -0.75    1.72    0.00   -1.02    0.99   -1.34    2.14    1.33    0.02   -0.02   -0.63   -1.56    1.68    0.29   -1.19   -1.53
197910   -9.73   -6.87   -7.47   -6.73   -6.34   -7.61   -7.29   -7.21   -6.80   -6.05   -6.60   -7.71   -7.51   -6.82   -7.93   -7.80   -6.61   -6.10   -7.69
197911   11.85    9.54    5.79    3.36    9.70    8.18    5.96    4.15    3.13   11.39    8.18    9.27    6.98    6.02    5.88    4.55    3.76    4.09    1.86
197912    8.61    4.93    3.01   -0.67    5.95    3.65    2.16    2.17   -1.31    6.11    5.80    3.32    4.03    1.09    3.66    3.90    0.42   -0.42   -2.49
198001   12.06    8.05    6.27    3.61    8.76    7.05    6.02    5.63    2.65    9.64    7.93    6.92    7.19    5.64    6.53    6.02    5.23    3.70    1.20
198002    2.33   -0.94   -0.02   -0.98   -0.41   -1.86   -1.14    1.36   -0.90    1.31   -2.06   -1.82   -1.91   -0.33   -2.23    3.68   -1.11    2.18   -5.25
198003  -20.82  -13.80  -11.16   -8.00  -14.80  -11.84  -10.37  -11.12   -6.96  -16.37  -13.25  -12.12  -11.53  -10.70   -9.92  -12.36   -9.72   -8.82   -4.14
198004    5.82    4.85    4.08    6.78    6.14    2.64    3.97    5.05    8.11    7.47    4.86    2.78    2.48    3.11    5.14    5.53    4.53    6.96    9.76
198005    6.95    6.22    5.85    6.05    6.50    6.42    5.40    6.97    4.74    6.29    6.70    5.75    7.18    4.97    5.98    5.71    8.34    5.53    3.61
198006    5.03    4.40    3.79    2.35    5.12    3.06    4.80    2.72    2.01    6.84    3.41    3.17    2.94    5.17    4.31    2.52    2.93    0.80    3.75
198007   14.50    8.44    7.14    3.59    9.86    5.98    7.51    7.07    2.28   10.86    9.02    6.31    5.62    9.00    6.14    8.06    5.92    5.89    0.68
198008    7.64    3.93    0.95    1.65    5.19    1.24    0.90    1.97    1.19    6.19    4.34    1.99    0.43    0.33    1.44    1.56    2.44   -0.46    1.96
198009    5.06    7.11    1.97   -0.93    6.04    6.41    2.11    0.06   -1.59    5.27    6.70    8.81    3.79    2.10    2.11   -0.06    0.19   -0.42   -2.12
198010    4.04    4.31    1.11   -0.42    3.48    4.37   -0.34    2.28   -2.40    1.47    5.17    5.59    2.98   -0.89    0.17    1.76    2.89   -1.28   -2.93
198011   15.04   16.69    9.93    2.37   15.82   15.67    8.95    8.43   -1.37   17.68   14.31   18.01   12.92    7.95    9.88    8.50    8.35    1.15   -2.56
198012   -2.69   -5.54   -2.58   -0.08   -5.15   -5.83   -1.35   -1.91    1.50   -4.94   -5.33   -6.12   -5.47   -2.02   -0.74   -1.60   -2.28    0.76    1.89
198101   -7.34   -8.05   -3.49    1.87   -7.85   -7.29   -1.88   -1.66    2.66   -7.21   -8.38   -8.34   -6.01   -1.45   -2.26   -3.68    0.73    0.21    3.92
198102   -0.51    1.13    2.84    1.51    1.60    1.13    3.64    1.63    1.92    1.73    1.49    0.42    1.99    3.00    4.22    2.27    0.90    2.22    1.77
198103    9.22    4.53    3.85    4.44    4.93    2.83    5.72    3.08    5.16    5.85    4.15    3.93    1.53    7.10    4.48    2.85    3.35    9.18    3.16
198104    1.91   -3.26   -1.12    1.64   -1.96   -3.23   -0.71   -1.03    2.51   -1.44   -2.40   -5.24   -0.81   -0.38   -1.02   -2.20    0.31    2.58    2.48
198105    7.38    0.62    0.01    2.25    1.39   -0.95    0.22    0.82    3.31    2.27    0.61   -0.59   -1.38    0.02    0.41    1.03    0.59    0.83    4.62
198106   -7.97   -1.99    0.23    1.20   -3.97    1.06   -0.16    1.03    0.77   -5.60   -2.49    1.21    0.89   -0.12   -0.20    0.27    1.88    0.88    0.71
198107   -2.47    0.86    0.02   -0.86    1.35   -0.18    0.14   -1.49    0.50    1.63    0.97   -0.02   -0.38    0.51   -0.15    0.04   -3.31    0.07    0.98
198108   -9.78   -7.37   -5.95   -2.86   -7.42   -6.14   -6.71   -4.95   -2.02   -7.95   -6.69   -7.29   -4.64   -7.13   -6.37   -5.38   -4.43   -4.43    0.65
198109  -10.88   -7.38   -6.50   -2.60   -8.29   -6.83   -6.90   -4.26   -2.20   -8.73   -7.66   -5.79   -8.15   -6.54   -7.19   -5.00   -3.36   -4.42    0.14
198110   11.15   10.48    4.82    3.43   11.48    8.49    3.74    4.09    3.57   11.84   10.99    8.80    8.08    6.22    1.86    4.87    3.15    2.17    5.00
198111   -0.15    3.33    5.49    5.06    2.74    5.67    4.68    5.20    5.33    2.22    3.44    4.36    7.40    3.91    5.28    5.74    4.53    6.14    4.54
198112   -4.85   -3.69   -2.41   -2.04   -3.90   -3.76   -1.78   -1.89   -2.43   -3.77   -4.07   -3.35   -4.28   -1.34   -2.12   -2.40   -1.27   -2.68   -2.18
198201   -3.15   -3.78   -3.79    0.60   -3.99   -3.63   -4.24   -0.90    0.02   -3.71   -4.39   -3.43   -3.89   -4.86   -3.75   -3.03    1.69   -1.77    1.80
198202   -8.16   -7.25   -5.60   -1.75   -7.88   -5.89   -6.44   -2.95   -2.00   -8.79   -6.58   -6.20   -5.48   -7.08   -5.95   -4.39   -1.28   -2.76   -1.27
198203   -3.71   -2.04   -0.68    0.57   -2.64   -1.30   -0.16   -1.33    1.78   -2.48   -2.86   -1.08   -1.60    0.07   -0.34   -1.03   -1.67    0.81    2.70
198204    6.06    5.95    4.62    2.93    6.02    6.00    4.86    4.01    2.08    6.74    5.07    5.84    6.23    5.47    4.40    3.53    4.54    2.55    1.64
198205   -6.36   -4.80   -1.94   -1.79   -5.34   -3.24   -1.62   -3.04   -0.66   -5.24   -5.48   -3.95   -2.21   -2.72   -0.75   -2.31   -3.86   -0.96   -0.38
198206   -4.28   -2.95   -1.58   -1.52   -3.78   -0.01   -2.56   -1.37   -1.91   -4.72   -2.49   -1.65    2.32   -1.78   -3.16   -1.90   -0.79   -1.74   -2.08
198207   -3.78   -1.51   -1.57   -2.98   -0.86   -2.60   -0.66   -4.37   -1.94   -1.05   -0.64   -2.81   -2.40   -2.38    1.36   -3.26   -5.59   -1.37   -2.72
198208    9.12   10.83   11.87   12.99   11.44   10.28   11.59   13.87   12.43   11.62   11.24    9.58   10.93   12.49   10.56   13.36   14.44   12.02   13.00
198209    0.31    2.40    2.63    0.63    2.54    2.66    2.55    1.82    0.43    3.39    1.60    2.11    3.16    2.20    2.95    2.42    1.14    1.15   -0.57
198210   20.39   13.23   12.03    8.63   13.96   12.46   11.31   12.90    6.98   15.13   12.64   11.72   13.13   12.05   10.46   13.01   12.77    7.53    6.19
198211   12.19    7.44    4.98    2.36    8.14    5.15    5.19    4.15    1.94    8.09    8.19    5.95    4.43    5.11    5.28    4.85    3.36    2.43    1.24
198212   -1.53    1.17    1.54    1.74    1.24    0.35    2.68    0.13    2.37    0.63    1.95    1.02   -0.25    1.02    4.59    0.02    0.26    1.31    3.91
198301   12.69    3.16    2.50    5.40    3.48    2.46    2.86    2.99    5.75    3.47    3.48    2.45    2.46    3.22    2.44    1.56    4.58    7.41    3.35
198302    3.95    4.35    3.32    1.92    4.55    4.35    2.49    4.06    1.20    4.74    4.33    3.88    4.77    3.21    1.67    4.44    3.66    0.89    1.67
198303    1.88    3.78    3.87    3.15    3.55    4.47    2.69    5.61    2.51    2.32    4.98    4.31    4.60    1.88    3.62    6.49    4.68    2.51    2.50
198304    6.99    5.94    8.15    7.44    5.49    6.35    8.69    8.61    6.94    5.50    5.48    6.96    5.80    7.30   10.27    8.64    8.58    6.68    7.33
198305    7.19    3.04   -0.85    0.70    3.16    2.00   -1.57    0.62    0.10    5.28    0.76    2.77    1.31   -2.11   -0.97   -0.67    2.04   -0.23    0.59
198306    5.80    5.91    4.63    0.29    6.11    4.47    5.72    2.30   -0.46    6.13    6.09    5.44    3.59    6.21    5.18    2.65    1.93    0.50   -1.89
198307   -6.53   -4.66   -3.47   -0.75   -5.19   -4.68   -2.93   -2.23   -0.18   -5.49   -4.81   -3.14   -5.75   -3.12   -2.72   -2.87   -1.78   -1.00    0.62
198308   -3.82   -2.30   -0.03    3.90   -2.29   -2.38   -0.02    2.84    4.20   -2.18   -2.43   -2.35   -2.40   -0.06    0.03    2.13    3.33    3.96    4.43
198309    0.06    0.80    2.94    1.48    0.25    2.68    2.71    1.97    1.82   -0.26    0.90    2.37    2.90    4.07    1.15    3.63    0.86    1.62    2.00
198310   -9.45   -5.79   -1.11   -0.09   -6.99   -2.63   -0.70   -1.36    0.79   -8.53   -5.05   -2.46   -2.74   -1.48    0.22   -0.83   -1.73    0.16    1.39
198311    4.83    3.96    2.55    1.76    4.78    2.96    1.59    3.81    0.83    4.87    4.68    1.78    3.79    0.33    3.03    4.21    3.54    1.37    0.33
198312   -2.61   -1.45   -0.03   -1.06   -1.46   -1.51    0.55   -0.01   -1.73   -1.38   -1.55   -1.43   -1.57    1.30   -0.33   -0.28    0.18    0.05   -3.41
198401   -4.33   -5.01   -1.46    2.59   -5.35   -3.52   -0.80   -0.45    3.73   -4.95   -5.85   -4.06   -3.14   -3.86    2.82   -1.86    0.53    3.65    3.81
198402   -6.36   -6.07   -4.20   -1.89   -6.00   -5.90   -4.01   -3.39   -1.14   -6.36   -5.55   -6.28   -5.63   -3.87   -4.17   -3.51   -3.30    0.24   -2.49
198403   -0.26    2.26    2.00    0.27    2.11    2.92    1.35    2.63   -0.89    1.95    2.32    2.65    3.10    2.35    0.16    2.84    2.49    0.38   -2.17
198404   -1.38    0.27    0.24    1.37    0.03    0.46    0.29    0.67    1.55    0.62   -0.70    0.93    0.14   -0.05    0.71    0.16    1.02    1.41    1.69
198405   -6.49   -6.16   -5.15   -4.13   -5.81   -5.90   -5.21   -4.60   -4.04   -4.95   -6.88   -7.12   -5.07   -4.91   -5.56   -5.06   -4.28   -6.02   -1.99
198406    3.34    4.35    2.79    2.19    4.49    4.11    1.94    2.20    2.82    4.41    4.60    3.97    4.20    1.09    2.97    3.89    1.06    0.15    5.25
198407   -5.98   -2.53   -1.37   -1.79   -2.72   -2.54   -0.52   -1.83   -1.88   -3.42   -1.74   -2.11   -2.90    0.95   -2.66   -2.06   -1.65   -3.45    1.38
198408   12.64   12.63   10.71   11.01   12.88   11.67   10.89   10.34   11.22   12.68   13.17   12.07   11.33   10.62   11.29    9.91   10.68   13.16    7.37
198409   -3.66   -2.34   -0.56    2.98   -2.67   -1.42   -0.06    0.54    3.73   -1.80   -3.93   -1.58   -1.29   -0.07   -0.05   -1.10    1.83    2.52    6.26
198410   -2.83   -0.87    1.32    0.08   -0.72    0.28    1.16    0.67    0.14   -1.28    0.04   -1.20    1.51    1.15    1.16    1.53    0.00   -1.90    4.24
198411   -5.15   -3.06   -0.65    0.50   -3.64   -0.92   -0.87   -0.92    1.62   -3.40   -3.97   -1.80   -0.19   -1.48    0.04   -0.48   -1.25    0.77    3.26
198412    1.74    2.73    2.29    2.57    2.65    2.89    2.15    2.50    2.47    1.71    3.93    2.92    2.87    2.13    2.17    2.22    2.72    2.43    2.55
198501   14.79   11.73    8.27    5.99   11.47   10.58    8.84    7.03    5.06   12.16   10.53   12.28    9.20    8.36    9.56    6.46    7.47    6.43    2.50
198502    1.14    1.27    1.93    2.19    1.21    2.54    1.30    2.22    2.16    1.86    0.31    1.40    3.49    1.00    1.76    2.19    2.24    2.81    0.90
198503   -3.75   -0.63   -0.57    1.39   -1.54    0.76   -1.47   -0.13    2.77   -1.97   -0.93    1.25    0.35   -2.10   -0.54    0.67   -0.75    1.96    4.36
198504   -3.29   -1.96   -0.91    1.88   -1.80   -1.58   -0.63    0.40    1.93   -0.83   -3.16   -2.28   -1.00   -1.14    0.11   -1.41    1.81    1.87    2.05
198505    4.46    6.94    5.89    5.34    6.29    7.62    5.61    5.62    5.18    5.94    6.78    8.28    7.08    5.06    6.40    5.63    5.61    4.89    5.73
198506    0.99    2.47    1.00    2.15    2.39    1.64    0.59    1.70    2.54    2.81    1.78    2.65    0.81   -0.13    1.55    1.95    1.52    1.99    3.62
198507    1.95    0.37    0.94   -2.14    0.04    1.21    1.28   -0.82   -2.67    0.34   -0.31    1.04    1.36   -0.52    2.50   -0.22   -1.23   -2.15   -3.44
198508   -2.14   -0.97   -0.78    0.67   -1.01   -1.00   -0.73   -0.40    1.21   -1.68   -0.22   -0.89   -1.10    1.11   -1.95   -0.62   -0.25    0.88    1.71
198509   -6.65   -5.49   -2.99   -3.10   -6.11   -4.58   -2.34   -2.65   -3.44   -6.55   -5.62   -4.28   -4.86   -1.35   -3.00   -2.87   -2.50   -2.54   -4.81
198510    3.44    4.06    4.49    5.55    3.93    4.66    4.25    4.79    5.92    4.48    3.32    4.29    4.99    5.08    3.68    4.65    4.89    5.22    7.02
198511    8.02    7.85    8.45    4.90    7.98    6.86    9.20    7.25    4.11    7.80    8.17    7.60    6.18    9.29    9.14    8.63    6.28    4.96    2.80
198512    4.31    4.59    5.10    4.08    3.96    5.04    5.63    4.67    3.65    3.94    3.99    5.75    4.36    2.45    7.69    4.45    4.82    3.59    3.73
198601    2.71    2.55    1.14   -0.33    2.17    2.54    0.11    0.18    0.54    2.23    2.11    3.23    1.89    1.59   -0.79    2.96   -1.81   -1.19    3.28
198602    7.05    8.20    8.44    6.73    8.39    8.53    7.85    8.51    6.01    8.18    8.61    7.87    9.18   10.73    6.06    9.19    8.00    5.16    7.30
198603    3.54    5.80    6.10    5.19    5.91    6.18    5.15    6.72    4.74    5.98    5.84    5.59    6.75    7.11    3.88    7.72    5.96    5.61    3.45
198604    2.38   -0.31   -1.01   -1.79   -0.55   -1.12   -0.67   -0.95   -2.18   -0.24   -0.90    0.11   -2.30   -1.27   -0.27   -0.69   -1.14   -1.58   -3.10
198605    3.90    5.77    5.25    5.14    6.04    5.20    4.61    6.53    4.43    7.11    4.84    5.29    5.11    6.84    3.12    6.80    6.32    5.09    3.41
198606   -1.71    1.37    1.92    2.32    1.60    1.14    1.48    2.81    2.30    1.70    1.49    0.96    1.31    3.23    0.27    3.39    2.36    2.00    2.76
198607  -10.19   -7.39   -6.43   -2.40   -8.17   -6.13   -7.00   -5.81   -0.60   -8.18   -8.15   -6.03   -6.22   -5.93   -7.79   -5.12   -6.47   -0.76   -0.37
198608    4.29    4.47    5.90    9.79    4.75    4.54    5.69    6.99   11.13    3.48    6.37    3.98    5.00    4.89    6.28    7.43    6.56   10.83   11.54
198609   -8.62  -10.18   -8.28   -6.59  -10.16   -9.84   -7.60   -7.48   -6.71  -10.15  -10.18  -10.20   -9.56   -8.32   -7.09   -8.68   -6.28   -6.92   -6.43
198610    4.84    6.20    4.92    4.93    6.04    6.72    3.97    6.04    4.24    6.42    5.56    6.48    6.92    5.85    2.65    5.38    6.69    4.24    4.23
198611    0.05    1.15    1.70    2.27    0.75    1.43    1.60    3.09    1.76    1.19    0.19    1.83    1.10    0.31    2.53    2.61    3.53    1.89    1.58
198612   -4.47   -1.83   -2.79   -2.71   -2.45   -2.39   -2.48   -3.24   -2.27   -2.83   -1.97   -0.76   -3.75   -2.59   -2.41   -2.63   -3.80   -1.95   -2.69
198701   16.25   13.20   13.21   10.80   12.45   13.40   13.22   12.24   10.88   13.31   11.33   14.46   12.47   13.59   12.95   13.96   10.61   11.15   10.51
198702    9.89    8.72    5.09   -0.14    9.53    7.57    4.75    3.22   -1.43   10.71    7.97    7.37    7.75    5.44    4.25    3.36    3.09   -1.62   -1.16
198703    0.68    0.87    2.20    3.21    1.21    0.98    2.64    1.71    3.80    1.48    0.85    0.29    1.61    2.01    3.10    1.62    1.80    3.99    3.53
198704   -1.18   -1.97   -1.80   -1.33   -2.27   -2.21   -1.89   -0.98   -1.28   -2.41   -2.07   -1.47   -2.86   -4.90    0.25   -0.50   -1.45   -1.23   -1.36
198705   -0.11    1.63    0.09    0.94    1.73    1.31   -0.30    0.87    0.62    1.94    1.42    1.46    1.18   -0.96    0.14    0.03    1.71    1.17   -0.14
198706    0.59    4.46    5.53    4.74    4.61    5.27    4.99    5.91    4.39    5.23    3.75    4.20    6.24    5.23    4.83    6.26    5.56    5.01    3.55
198707    3.56    6.21    4.96    2.33    6.37    5.72    4.76    3.88    2.04    5.29    7.71    5.91    5.52    5.51    4.27    5.09    2.82    3.51   -1.11
198708    3.85    4.55    3.67    4.01    4.75    3.69    2.76    5.11    4.08    5.95    3.31    4.18    3.17    2.28    3.08    6.51    3.88    4.41    3.35
198709   -1.11   -2.16   -2.25   -2.38   -2.36   -1.44   -2.59   -2.95   -1.65   -3.53   -0.90   -1.79   -1.08   -0.88   -3.71   -2.23   -3.60   -1.77   -1.38
198710  -30.51  -25.38  -23.31  -15.24  -26.49  -23.68  -23.62  -20.98  -12.39  -26.88  -26.01  -23.36  -24.01  -25.13  -22.61  -21.97  -20.06  -14.80   -6.94
198711   -8.19   -7.92   -7.48   -6.65   -7.94   -7.55   -7.28   -8.20   -5.81   -8.06   -7.79   -7.89   -7.18   -7.84   -6.92   -8.20   -8.21   -7.20   -2.92
198712    9.99    9.40    7.80    3.60   10.91    7.48    8.02    6.27    2.52   11.20   10.55    6.77    8.25    8.21    7.90    6.92    5.68    3.55    0.47
198801    1.09    1.13    3.99    9.23    1.53    2.12    3.64    6.50    9.93    1.69    1.32    0.41    3.93    4.03    3.38    4.92    7.94    9.70   10.39
198802    7.92    7.31    5.65    1.94    6.86    7.40    5.76    4.52    0.61    6.24    7.62    8.11    6.67    5.90    5.67    4.61    4.45    1.65   -1.53
198803    0.92   -1.92   -2.46   -2.27   -1.52   -2.23   -3.04   -0.88   -3.35   -1.73   -1.28   -2.64   -1.80   -2.28   -3.54   -1.52   -0.30   -3.49   -3.06
198804    2.53    0.11    0.57    1.58    0.50   -0.59    1.43    1.34    0.71    0.43    0.58   -0.59   -0.60   -0.12    2.44   -0.68    3.13    1.44   -0.84
198805   -2.20   -0.22    0.05    2.03   -0.38    0.06    0.06   -0.04    3.25   -0.32   -0.45    0.06    0.06    0.58   -0.27    0.01   -0.07    3.01    3.78
198806    8.02    6.02    6.15    2.36    6.77    5.28    6.57    3.40    2.65    6.31    7.33    4.65    5.95    5.99    6.94    5.24    1.84    2.66    2.64
198807   -2.75   -1.93   -1.05    1.17   -2.04   -1.22   -1.53    0.91    0.28   -1.31   -2.84   -1.72   -0.83   -1.88   -1.25   -0.54    2.46    0.39    0.04
198808   -4.44   -3.94   -2.82   -1.22   -4.57   -2.54   -1.56   -2.77   -1.53   -5.05   -4.03   -2.58   -2.51   -0.75   -2.22   -4.69   -0.78   -1.91   -0.71
198809    3.37    4.79    4.42    3.01    5.06    3.84    5.02    3.23    3.46    5.12    5.00    4.21    3.58    3.72    6.07    4.10    2.37    4.05    2.21
198810   -1.49    0.35    2.55    3.01    0.06    1.10    1.72    4.16    2.45   -0.91    1.13    0.99    1.18    1.32    2.05    4.51    3.80    2.82    1.64
198811   -3.08   -2.46   -1.91   -0.55   -2.45   -2.59   -1.89   -0.90   -0.76   -2.29   -2.62   -2.49   -2.67   -2.94   -1.05   -1.51   -0.27   -0.79   -0.68
198812    4.43    3.69    1.78    0.87    3.87    1.99    2.19    1.34    0.74    4.12    3.59    3.32    1.02    2.38    2.05    1.65    1.03    0.60    1.06
198901    7.90    5.96    7.29    5.77    6.32    7.06    6.56    6.81    5.57    6.01    6.66    5.19    8.47    6.22    6.83    7.60    6.04    6.20    4.16
198902   -0.58   -1.65   -2.15   -1.49   -1.62   -1.99   -1.90   -1.81   -1.73   -1.67   -1.56   -1.70   -2.20   -1.58   -2.13   -2.46   -1.16   -2.06   -0.97
198903    1.42    2.09    1.84    3.07    1.64    3.27    2.42    2.04    2.43    1.80    1.47    3.06    3.43    2.53    2.34    0.10    3.91    3.34    0.38
198904    6.43    5.73    4.94    4.31    5.97    5.50    5.35    3.82    4.72    6.62    5.26    5.20    5.72    4.17    6.27    3.89    3.76    5.39    3.15
198905    5.38    4.87    3.51    4.06    4.87    4.08    4.62    2.66    4.52    3.58    6.28    4.86    3.51    3.21    5.69    1.91    3.40    4.25    5.16
198906   -2.97   -0.43   -0.94    0.67   -0.54   -0.78   -1.43    0.20    0.83   -0.94   -0.12   -0.19   -1.22   -2.49   -0.63   -0.04    0.43   -0.31    3.54
198907    5.50    8.34   10.20    5.69    8.39   10.75   10.07    6.75    5.82    8.58    8.10    8.24   12.59    9.80   10.22    8.56    5.59    5.97    5.58
198908    3.91    1.43    2.69    1.43    2.02    0.65    2.65    2.41    1.58    2.02    2.02    0.13    1.01    1.98    3.04    4.09    1.31    2.54    0.07
198909    1.30    0.74   -0.84   -0.12    1.54    0.05   -2.28    0.12   -0.42    1.38    1.78   -1.05    0.81   -2.66   -2.06    0.15    0.11   -1.14    0.75
198910   -5.44   -3.42   -2.48   -2.32   -3.02   -2.52   -2.60   -3.09   -1.45   -2.39   -3.96   -4.35   -1.21   -2.30   -2.77   -3.26   -2.97   -2.23   -0.21
198911   -0.10    1.75    2.42    1.55    1.88    2.59    2.67    1.09    2.31    1.65    2.22    1.43    3.39    1.86    3.14    1.27    0.97    2.37    2.21
198912   -0.10    0.42    2.41    2.72   -0.53    1.57    2.89    2.89    2.48   -0.20   -1.02    2.67    0.82    3.38    2.61    2.88    2.90    2.12    3.04
199001   -8.92   -8.03   -7.51   -5.59   -8.27   -7.53   -6.88   -6.71   -5.68   -8.34   -8.18   -7.48   -7.56   -6.66   -7.01   -8.48   -5.53   -6.12   -5.00
199002    3.39    1.77    0.98    1.86    2.03    1.21    1.20    1.30    1.87    1.91    2.19    1.20    1.22    1.01    1.31    0.44    1.86    2.29    1.22
199003    3.88    3.18    3.11    0.74    3.45    3.45    3.22    1.34    0.69    4.15    2.44    2.59    4.05    3.03    3.33    2.21    0.78    1.37   -0.36
199004   -3.35   -1.86   -2.25   -3.66   -1.48   -1.62   -1.81   -3.37   -4.64   -1.00   -2.18   -2.71   -0.86   -2.21   -1.58   -4.08   -2.91   -4.62   -4.68
199005   11.10   10.78    9.28    6.92   11.39   11.01    8.76    7.80    5.79   12.37    9.95    9.41   12.10   10.31    7.88    7.84    7.77    6.41    4.83
199006   -0.25    0.36   -0.38   -1.41    0.41    1.26    0.44   -2.59   -0.80    0.55    0.19    0.27    1.92    0.13    0.63   -3.73   -1.85   -1.25   -0.06
199007   -5.70   -1.68   -0.05   -0.41   -3.70   -0.10    0.32    0.55   -1.24   -4.79   -2.01    1.31   -2.72   -0.02    0.69    0.59    0.49   -2.29    0.27
199008  -14.45   -9.30   -9.11   -7.82  -10.22   -8.64  -10.01   -7.40   -8.50  -10.66   -9.56   -8.01   -9.89  -10.39   -9.60   -7.61   -7.10   -9.71   -6.82
199009  -10.33   -6.56   -4.38   -3.84   -7.41   -5.66   -6.17   -1.66   -5.52   -7.74   -6.92   -5.40   -6.17   -6.20   -6.14   -1.36   -2.09   -5.87   -5.05
199010   -4.82   -1.60   -1.03    0.66   -3.40    0.03   -0.64   -0.59    0.91   -4.54   -1.72    0.81   -1.56   -1.15   -0.11   -1.30    0.41    0.83    1.03
199011   10.94    7.69    6.56    5.04    7.64    7.46    6.94    5.92    4.24    7.73    7.51    7.75    6.86    6.92    6.96    5.97    5.84    4.20    4.30
199012    3.59    4.37    2.99    1.31    4.62    3.96    4.22    1.69    0.20    4.60    4.65    4.05    3.78    4.72    3.69    1.17    2.41   -0.03    0.51
199101   13.32    5.31    4.82    2.11    7.43    3.36    7.02    1.81    2.61    8.19    6.28    2.61    4.95    7.71    6.28    1.94    1.63    3.48    1.46
199102    9.39    8.71    6.99    6.71    9.32    7.81    7.45    5.80    8.11    9.32    9.31    7.90    7.64    9.25    5.52    6.13    5.35    8.49    7.59
199103    5.63    3.82    2.02    2.81    3.68    3.63    3.66    1.27    1.75    3.36    4.17    4.00    2.86    4.00    3.29   -0.62    3.86    1.57    1.99
199104   -0.12   -0.15    0.39    0.83    0.19   -0.48    0.71    0.31    1.23    0.54   -0.34   -0.61   -0.22   -0.31    1.84    0.19    0.45    1.10    1.40
199105    4.04    4.21    4.89    2.43    4.41    4.52    6.09    2.43    2.90    5.10    3.36    3.93    5.75    6.01    6.19    2.78    1.97    5.14   -0.15
199106   -7.75   -5.09   -3.97   -2.87   -4.90   -4.76   -3.90   -3.49   -3.28   -4.61   -5.34   -5.36   -3.55   -4.93   -2.77   -4.25   -2.48   -3.38   -3.13
199107    6.44    6.07    3.97    3.70    5.28    5.65    3.67    4.37    3.26    5.62    4.86    7.38    3.86    3.79    3.55    5.18    4.04    3.01    3.60
199108    4.45    2.72    2.93    1.82    3.05    2.39    3.17    1.62    2.58    2.89    3.25    2.19    2.61    4.15    2.04    2.57    1.23    1.99    3.38
199109    0.15   -2.14   -2.27    0.76   -2.79   -1.58   -2.76    0.01    1.30   -2.32   -3.36   -1.07   -2.14   -3.13   -2.32   -0.76    0.33    1.60    0.89
199110    2.89    2.18    1.44    1.05    1.56    2.85    1.06    1.42    0.51    0.71    2.61    3.18    2.50   -0.25    2.61    1.25    1.48    0.98   -0.13
199111   -4.29   -1.28   -5.12   -3.75   -1.52   -2.12   -5.97   -4.78   -2.31   -0.40   -2.89   -0.91   -3.46   -4.86   -7.24   -4.53   -4.88   -2.50   -2.05
199112   11.39   14.17   12.60    6.20   13.77   14.45   12.80    7.17    6.38   14.69   12.62   14.79   14.07   15.00   10.22    9.90    6.05    6.56    6.13
199201    5.58   -1.36   -1.35   -0.92    0.16   -3.37   -0.79   -1.15   -0.54   -1.18    1.88   -3.75   -2.92   -0.47   -1.18   -0.97   -1.22   -1.51    0.77
199202    2.64    0.73    1.72    0.98    0.80    0.64    1.99    0.75    2.08    2.18   -0.90    0.62    0.66    1.65    2.42    2.28    0.09    1.18    3.28
199203   -5.84   -2.68   -1.14   -1.47   -2.79   -2.23   -0.89   -1.85   -0.49   -2.68   -2.92   -2.51   -1.91   -2.02    0.48   -0.90   -2.26   -0.90    0.04
199204   -5.30   -0.50    2.23    6.29   -1.14    0.32    3.00    5.53    5.68   -3.04    1.29    0.55    0.05    1.64    4.63    2.65    6.80    6.18    5.02
199205    0.23    1.57    0.11    0.83    0.85    1.82   -0.31    0.83    0.74    1.58   -0.05    2.73    0.80   -0.26   -0.36    0.63    0.91   -0.09    1.86
199206   -5.11   -3.19   -2.20    0.93   -2.19   -3.17   -2.50   -0.59    1.89   -1.93   -2.51   -4.76   -1.33   -2.27   -2.77   -2.35    0.16    3.00    0.40
199207    3.95    4.44    3.14    5.03    3.90    5.20    2.70    3.29    5.60    3.28    4.62    5.35    5.02    2.28    2.93    2.33    4.11    5.18    6.88
199208   -3.39   -1.77   -2.87   -0.88   -1.76   -2.17   -2.05   -2.72   -0.80   -1.56   -1.99   -1.78   -2.63   -2.16   -1.99   -4.79   -1.00   -0.75   -0.96
199209    3.54    1.00    1.79    0.44    1.93    1.03    2.72    0.23   -0.13    3.69   -0.06   -0.57    2.86    2.18    3.01   -1.21    1.38   -0.40    0.69
199210    4.21    2.88    1.12   -1.87    3.41    2.61    0.36    0.11   -2.84    3.59    3.19    1.98    3.30    2.51   -0.77    0.64   -0.31   -3.75   -0.11
199211    8.45    4.68    5.00    0.69    5.18    3.95    5.55    2.70    0.42    5.85    4.38    3.80    4.10    4.83    5.94    4.73    1.09    0.37    0.59
199212    2.85    1.23    1.41    2.16    1.89    0.07    2.09    2.33    1.47    1.99    1.78    0.05    0.10    1.58    2.36    1.24    3.23    0.98    2.86
199301    3.00    0.10    0.86    1.21    1.68   -1.39    0.89    0.22    2.56    1.55    1.83   -2.77    0.12    0.07    1.33    1.52   -0.83    2.47    2.81
199302   -4.41   -1.27    0.55    4.82   -0.74   -1.07    0.21    2.33    6.07   -1.58    0.26   -2.26    0.18    0.61    0.01    1.67    2.87    6.68    4.35
199303    3.53    2.29    2.17    2.56    2.70    1.37    1.75    4.06    1.59    3.07    2.27    1.49    1.25    1.27    2.00    3.99    4.11    1.68    1.35
199304   -4.64   -4.59   -2.08   -1.19   -6.18   -2.11   -3.37    0.19   -1.48   -7.27   -4.88   -1.50   -2.75   -1.11   -4.57    1.33   -0.74   -2.02    0.07
199305    7.90    3.88    2.21    1.08    5.15    1.67    3.02    1.12    0.95    4.87    5.48    1.51    1.84    1.52    3.83    0.91    1.29    1.44   -0.44
199306    0.11   -1.18    0.64    2.04   -1.12   -0.29    0.84    0.80    2.45   -1.76   -0.37   -1.32    0.78   -0.23    1.41    0.08    1.41    2.42    2.55
199307   -0.70   -0.42   -0.50    0.75   -0.17   -0.15   -1.53    1.09    0.67   -0.20   -0.11   -0.88    0.92   -1.64   -1.37    1.19    0.97    0.56    0.97
199308    5.58    4.46    2.78    3.98    4.64    3.60    2.60    4.08    3.57    4.74    4.47    4.13    2.85    2.65    2.53    3.16    5.18    3.75    3.11
199309    2.48    0.79   -1.28   -0.10    0.87    0.19   -2.01   -0.34    0.12    1.58   -0.30    0.65   -0.48   -1.98   -2.05   -0.01   -0.73    0.70   -1.37
199310    3.67    2.14    1.07    1.02    2.18    0.68    1.91    0.81    1.01    1.94    2.60    2.05   -1.33    2.97    0.47    0.61    1.04    1.47   -0.17
199311   -2.40   -1.88   -0.14   -2.53   -1.71   -1.76    0.90   -2.32   -2.50   -2.02   -1.22   -2.18   -1.13    0.66    1.25   -2.04   -2.64   -2.71   -1.95
199312    2.47    1.54    2.65    0.64    1.18    2.80    2.21    2.17    0.49    0.01    3.11    2.21    3.69    0.91    4.01    3.10    1.06   -0.13    2.14
199401    3.63    3.10    3.12    2.54    3.75    2.88    3.17    3.61    1.59    3.77    3.73    1.92    4.32    3.09    3.28    2.22    5.29    2.77   -1.46
199402   -1.18   -0.35   -2.89   -4.07   -0.08   -1.86   -2.84   -3.01   -4.34    0.70   -1.34   -0.85   -3.32   -3.39   -2.09   -2.75   -3.31   -4.22   -4.65
199403   -6.12   -4.31   -4.22   -3.53   -4.47   -4.07   -4.50   -3.29   -3.74   -5.33   -3.04   -4.01   -4.15   -4.89   -3.97   -3.59   -2.94   -4.08   -2.82
199404   -0.28   -0.81    1.59    2.61   -1.23    0.84    1.06    2.79    2.43   -1.54   -0.73   -0.03    2.13    2.28   -0.56    2.54    3.09    2.54    2.13
199405   -0.64    0.70    2.18    0.57    0.77    0.86    2.24    3.07   -0.55    1.02    0.37    0.59    1.25    2.00    2.57    2.64    3.57    0.37   -3.02
199406   -4.21   -3.31   -1.95   -1.83   -3.31   -2.77   -2.23   -1.92   -1.50   -3.05   -3.72   -3.32   -1.98   -1.97   -2.58   -1.25   -2.68   -0.48   -4.33
199407    3.04    2.85    3.21    3.08    2.91    3.55    2.71    2.83    3.61    3.89    0.71    2.67    4.06    2.49    2.97    3.46    2.21    2.93    5.16
199408    7.27    4.57    3.84    3.35    4.30    4.26    3.75    4.45    2.52    3.98    5.05    5.35    3.63    3.21    4.39    4.18    4.72    3.19    1.01
199409   -0.06   -2.89   -2.53   -1.97   -2.93   -2.36   -2.41   -2.17   -2.37   -2.64   -3.59   -2.76   -2.13   -2.14   -2.74   -3.04   -1.31   -2.46   -2.16
199410    2.89    2.44    1.00    1.72    2.52    1.69    1.19    0.50    2.39    2.83    1.78    2.24    1.36    1.99    0.25    0.36    0.64    2.74    1.60
199411   -3.39   -4.01   -4.31   -2.42   -3.83   -3.31   -4.50   -4.15   -2.04   -3.78   -3.95   -4.53   -2.59   -4.47   -4.53   -5.32   -3.03   -2.88   -0.10
199412    0.18    0.81    2.58    0.58    0.65    2.31    2.03    2.14    0.33    0.42    1.18    1.31    2.90    1.59    2.55    3.38    0.99    0.13    0.78
199501    0.08    2.67    1.33    4.72    2.84    1.06    1.59    2.30    5.79    3.29    1.82    2.18    0.43    1.75    1.40    1.58    2.99    5.42    6.62
199502    3.64    5.00    4.82    2.63    4.60    4.86    4.53    5.03    1.69    4.43    5.03    6.16    4.11    4.71    4.32    5.91    4.20    2.54   -0.21
199503    3.38    2.97    2.77    1.82    2.93    3.24    2.87    2.55    1.14    2.79    3.26    3.06    3.35    2.75    3.00    2.15    2.95    2.18   -1.24
199504    2.41    1.47    3.32    2.54    1.36    3.24    2.71    2.68    3.12    1.48    1.07    1.80    4.09    2.39    3.09    3.82    1.59    3.48    2.28
199505    2.39    3.42    3.58    4.26    3.75    3.00    3.65    4.66    3.42    3.96    3.27    2.46    3.31    3.86    3.40    3.68    5.62    2.96    4.54
199506    7.70    5.11    2.03    0.25    5.36    3.50    1.83    0.83    0.36    5.89    4.13    4.37    3.00    1.54    2.17    1.61    0.08    0.67   -0.38
199507    7.22    5.05    3.14    2.40    5.11    4.40    2.75    3.15    1.92    6.30    3.39    4.94    3.91    2.90    2.64    3.25    3.05    2.44    0.27
199508    1.96   -0.40    0.78    1.93   -0.03   -0.41    0.48    2.18    1.33    0.34   -0.58   -1.20    0.33   -1.07    1.66    1.62    2.71    1.40    1.11
199509    2.02    2.13    5.16    4.87    2.23    3.17    5.41    4.61    5.60    2.26    2.19    1.91    4.31    3.42    6.87    5.35    3.92    5.48    5.97
199510   -2.52   -1.38   -1.34    0.63   -2.00   -0.89   -0.89   -1.22    1.56   -1.31   -3.02   -0.03   -1.66   -0.76   -0.99   -1.87   -0.60    1.50    1.75
199511    2.63    3.42    6.22    3.81    2.80    5.41    5.91    5.85    3.05    2.01    3.97    4.71    6.05    5.03    6.53    6.89    4.86    3.83    0.49
199512   -0.12   -1.18    1.94    4.35   -1.57    0.07    1.40    3.78    4.83   -2.35   -0.39   -0.41    0.49    2.07    0.93    3.86    3.70    4.80    4.91
199601    1.04    3.20    4.18    1.63    1.96    5.27    3.51    3.47    1.22    2.50    1.17    5.67    4.91    2.44    4.26    4.79    2.19    1.32    0.88
199602    4.67    3.69    0.33    0.29    3.01    3.52   -0.76    1.46   -1.05    1.49    5.19    4.98    2.22   -0.79   -0.73    0.80    2.13   -0.56   -2.73
199603   -0.10    0.87    2.07    0.87    0.72    1.52    1.42    3.32   -1.01    0.46    1.08    1.16    1.85    3.06    0.31    3.27    3.38   -0.83   -1.66
199604    7.46    2.51    0.60    0.55    3.50    0.78    0.89   -0.07    1.01    3.28    3.81    0.63    0.92    1.83    0.22   -0.08   -0.06    1.67   -1.27
199605    3.49    3.54    2.54    1.66    2.60    4.05    2.28    2.10    1.81    2.90    2.19    5.37    2.87    2.07    2.44    2.73    1.45    2.10    0.79
199606   -4.70   -1.24    0.88    1.50   -1.83    0.92    0.41    0.37    2.80   -1.59   -2.16   -0.12    1.88   -0.26    0.88    0.95   -0.25    2.34    4.49
199607   -9.67   -5.22   -4.28   -3.44   -6.20   -3.93   -5.15   -2.62   -3.87   -4.77   -7.57   -3.68   -4.20   -4.52   -5.54   -2.22   -2.91   -3.26   -5.47
199608    5.19    4.17    2.77    1.01    4.63    3.09    2.48    2.31    0.69    4.63    4.63    3.47    2.69    2.58    2.43    3.52    1.39    0.59    0.98
199609    6.61    5.48    5.98    3.12    6.17    5.71    6.02    4.60    2.04    8.68    3.71    4.40    7.08    7.11    5.35    4.80    4.44    2.43    0.98
199610   -2.22    0.69    2.52    4.44    0.16    1.65    2.21    4.62    3.91    2.10   -1.79    1.53    1.78    3.31    1.51    4.03    5.07    4.17    3.17
199611    5.90    7.36    7.66    6.02    7.43    7.57    8.00    6.51    5.70    7.49    7.37    7.26    7.88    7.75    8.15    6.65    6.41    6.61    3.17
199612   -0.97   -0.89   -2.17    0.01   -1.52   -1.81   -1.61   -1.02    0.29   -0.63   -2.46    0.10   -3.74   -2.16   -1.26   -1.92   -0.32    0.13    0.72
199701    6.26    5.79    5.73    4.13    5.65    5.75    5.70    6.08    2.43    7.14    4.03    6.01    5.47    5.91    5.57    6.05    6.11    2.99    0.85
199702   -5.10   -1.05    2.04    2.62   -1.30   -0.05    2.42    2.28    3.11   -2.99    0.57   -0.66    0.60    2.75    2.20    2.58    2.06    3.53    1.92
199703   -5.94   -3.91   -4.57   -3.64   -2.84   -5.11   -4.60   -2.91   -5.27   -4.63   -0.92   -5.56   -4.65   -3.12   -5.54   -4.41   -1.77   -5.42   -4.81
199704    3.09    6.51    5.96    2.65    5.20    8.62    5.00    4.32    2.01    7.82    2.47    8.60    8.64    5.68    4.56    5.67    3.33    3.11   -1.43
199705   12.23    6.02    5.85    5.67    5.48    6.40    5.83    5.95    5.29    5.63    5.32    6.84    5.94    6.30    5.52    5.81    6.06    5.61    4.25
199706    2.45    3.60    6.00    3.68    4.00    5.19    5.30    5.03    3.20    3.02    5.07    3.00    7.53    5.19    5.38    6.17    4.20    3.04    3.73
199707    9.71    9.14    6.72    5.91    8.61    8.77    6.29    7.34    4.73   11.08    6.49   10.10    7.29    6.92    5.53    7.42    7.30    5.68    1.83
199708    0.24   -5.98   -5.89   -2.18   -6.02   -6.01   -6.63   -3.38   -1.04   -3.27   -8.54   -5.91   -6.12   -7.51   -5.53   -3.25   -3.46   -1.10   -0.84
199709    5.98    5.46    5.91    5.64    4.51    7.05    5.82    5.66    5.22    4.58    4.45    7.14    6.94    6.14    5.43    4.95    6.13    5.40    4.67
199710   -5.43   -3.43   -2.86   -1.59   -4.06   -1.55   -3.30   -3.10   -0.88   -4.68   -3.47   -2.35   -0.63   -4.20   -2.19   -4.19   -2.39   -1.50    1.03
199711   -0.54    4.83    4.02    5.47    4.56    3.28    5.63    3.11    7.31    1.82    7.17    5.28    1.00    6.29    4.84    2.74    3.35    7.03    8.19
199712   -2.10    1.53    3.24    3.96    1.69    2.39    2.74    3.01    5.40    0.92    2.39    1.25    3.75    2.75    2.74    4.21    2.25    4.67    7.60
199801    2.68    0.75    0.86   -1.82    1.54   -0.66    1.63   -0.91   -1.94    3.29   -0.01   -0.60   -0.72    3.40   -0.50    0.31   -1.67   -1.45   -3.41
199802    9.86    8.80    6.30    5.33    8.78    7.65    6.47    6.33    4.22    9.03    8.55    8.83    6.26    6.28    6.70    5.80    6.67    4.71    2.75
199803    5.17    4.50    4.72    6.44    5.42    3.32    5.19    5.20    6.98    3.58    7.14    2.92    3.81    5.72    4.54    4.26    5.79    7.21    6.29
199804    2.08    3.50    0.75   -1.41    2.13    4.20    0.20    1.21   -3.77    3.08    1.29    5.94    2.14   -0.51    1.10    0.90    1.41   -3.90   -3.37
199805   -4.96   -2.55   -1.61   -0.75   -1.58   -3.43   -1.28   -2.41    1.12   -4.05    0.69   -4.23   -2.45   -2.08   -0.27   -1.69   -2.85    1.81   -1.03
199806    6.29    4.57    2.91    1.33    5.51    3.22    3.04    1.42    1.36    7.02    4.19    2.91    3.60    5.43    0.12    1.61    1.30    1.22    1.80
199807   -3.76    0.26   -3.23   -1.24    0.98   -2.84   -2.86   -1.39   -1.67    1.57    0.28   -0.98   -5.56   -1.83   -4.31   -2.16   -0.86   -0.98   -3.15
199808  -20.16  -17.65  -14.63   -8.27  -17.05  -16.76  -14.75  -13.07   -4.17  -19.14  -14.53  -18.71  -13.76  -13.95  -15.91  -15.04  -11.76   -7.43    2.97
199809   10.52    4.45    4.44    8.58    6.43    2.42    4.46    7.47    7.61    7.84    4.89    0.99    4.48    4.67    4.15    4.33    9.48    7.99    6.84
199810    5.11   10.19    9.17    4.38    8.27   12.77    8.48    6.57    3.64    7.94    8.64   13.74   11.41    8.92    7.80    9.12    5.05    5.44    0.07
199811    8.61    8.11    4.96    3.95    9.72    4.91    4.92    4.11    4.81   11.01    8.29    5.27    4.40    5.30    4.35    5.61    3.15    6.00    2.34
199812   12.34    8.72    3.18    2.27   12.20    2.23    3.60    3.61    0.33   15.27    8.69    2.23    2.24    3.88    3.17    2.86    4.10   -0.91    3.01
199901   12.07    4.64   -0.57   -1.56    5.65    2.14   -1.31   -0.41   -2.86    7.32    3.62    2.58    1.52   -0.90   -1.95   -0.36   -0.45   -1.21   -6.03
199902   -8.17   -2.81   -0.81   -3.98   -3.11   -2.75   -0.45   -1.35   -5.40   -5.85    0.34   -2.16   -3.59   -0.76    0.03    0.91   -2.80   -5.24   -5.70
199903    6.79    4.68    2.32   -0.47    5.26    2.48    4.09   -0.47   -1.53    5.69    4.73    3.50    1.00    4.73    3.10   -1.77    0.39   -1.31   -1.99
199904    2.10    2.48    5.00    9.64    0.37    5.73    3.87   10.44    7.99    1.98   -1.58    6.94    3.94    1.04    8.33    9.68   10.93    9.16    5.62
199905   -0.48   -3.52   -1.79   -0.02   -4.97   -0.01   -2.60   -2.01    2.69   -4.58   -5.46   -0.64    0.95   -2.81   -2.30   -1.93   -2.06    0.61    7.01
199906    8.43    6.11    3.68    2.28    7.47    3.05    4.55    2.27    2.40    7.13    7.89    3.54    2.32    6.01    2.43    2.39    2.19    5.23   -3.04
199907   -2.73   -3.35   -2.83   -3.06   -3.00   -3.52   -3.26   -2.85   -1.76   -2.92   -3.17   -4.29   -2.89   -3.03   -3.71   -2.03   -4.35   -2.15   -1.15
199908    1.25   -0.32   -2.64   -2.64    0.06    0.53   -5.60   -3.32   -1.39    0.29   -0.50   -1.31    2.00   -7.72   -1.26   -3.01   -3.90   -2.62    0.53
199909    0.08   -3.33   -3.63   -4.49   -2.16   -4.78   -4.75   -2.84   -4.64   -2.04   -2.45   -6.50   -3.44   -4.36   -5.48   -2.04   -4.34   -4.94   -4.18
199910    5.82    6.29    7.37    1.30    3.48   11.07    9.69    3.08   -1.60    3.62    3.14   14.36    8.46    9.28   10.48    2.44    4.33   -3.14    0.72
199911   10.19    3.13   -1.20   -4.73    3.11    0.50   -0.71   -2.75   -4.10    3.33    2.58    3.18   -1.75    0.40   -2.84   -1.38   -5.34   -2.52   -6.45
199912   19.71    4.71   -0.85   -2.85    7.00    2.71   -4.97   -2.40   -3.05    7.99    4.53   -1.31    6.21   -6.21   -2.49   -2.25   -2.66   -3.47   -2.39
200001   -6.08   -2.75   -3.68   -3.91   -3.17   -4.47   -1.48   -4.41   -1.24   -3.10   -3.33   -1.55   -6.83    0.59   -5.42   -3.24   -6.55   -3.00    1.45
200002   15.24   -1.50   -9.22   -8.81    0.94   -6.99  -10.30  -11.41   -6.96    1.52   -0.56   -8.31   -5.87  -10.75   -9.39  -11.77  -10.72   -6.03   -8.30
200003    3.55   11.11   10.21   10.45   11.83    7.97   11.20   13.05    7.41   13.50    7.42    8.89    7.19   10.14   13.31   12.70   13.70    8.00    6.51
200004  -10.47   -0.91    0.11    2.04   -2.16    2.14    0.49   -1.68    4.68   -3.21    0.75    3.05    1.36    1.54   -1.66   -2.32   -0.48    0.84   10.02
200005  -10.34   -0.75    2.09    5.35   -2.21    2.65    0.82    5.05    5.38   -2.88   -0.45    3.64    1.80    0.18    2.18    4.91    5.32    7.43    2.77
200006   12.94    2.22   -3.13   -6.03    2.44    1.32   -4.20   -7.68   -3.42    1.76    4.23    1.53    1.16   -2.01   -8.78   -7.18   -8.61   -1.80   -5.62
200007   -5.19   -0.53    0.16    4.31   -0.81   -0.61    1.55    0.54    5.59   -2.10    1.24    0.06   -1.98    1.36    1.68   -0.12    1.92    6.83    4.19
200008   11.38    5.73    3.51    9.86    6.98    3.52    3.14    5.60    9.55    5.48    9.29    3.10    4.41    1.97    3.96    3.25   10.45    7.92   11.46
200009   -9.14   -6.23    4.03    2.71   -9.52    1.97    6.00   -0.07    4.10  -13.24   -4.02    0.91    4.19    5.76    6.17   -0.14    0.07    2.75    5.64
200010   -7.79   -1.06    6.51    0.82   -1.72    3.24    6.79    1.97    0.64   -0.29   -3.63    0.21    9.54   10.09    4.50    2.37    1.17   -1.53    3.05
200011  -19.87   -6.05   -1.47   -0.94   -8.18   -1.12   -2.25   -2.14   -0.39   -8.69   -7.48   -1.96    0.48   -2.13   -2.34   -2.17   -2.07   -3.14    2.52
200012   -2.69    2.35    4.12    9.56    2.41    2.89    3.60    7.38    8.64    0.91    4.48    2.25    4.05    6.16    1.71    5.36   11.45    6.07   11.13
200101   11.24    1.26   -1.94    1.32    4.29   -4.57   -1.97    2.43    0.89    4.57    3.92   -4.09   -5.43   -3.92   -0.48    2.52    2.24    3.08   -1.15
200102  -19.27   -8.25   -0.25    1.25  -10.81   -1.67   -1.07   -0.57    2.24  -12.75   -8.32   -3.35    1.39    1.20   -2.72   -0.45   -0.82    1.32    3.12
200103  -12.29   -6.74   -3.14    0.61   -6.01   -6.57   -2.90   -2.36    1.83   -6.00   -6.03   -8.02   -4.04   -2.71   -3.05   -2.54   -2.01    2.85    0.87
200104   14.08    8.10    3.45    4.44    7.91    6.22    2.73    5.30    4.73    8.89    6.72    8.43    2.54    1.70    3.53    6.08    3.79    5.88    3.64
200105    0.19    0.21    2.55    3.05   -0.75    2.28    2.78    2.72    2.31   -1.24   -0.14    1.96    2.86    2.54    2.95    1.72    4.72    1.21    3.36
200106    0.56   -2.23   -3.27   -0.63   -2.32   -3.70   -2.46   -0.45   -1.23   -1.09   -3.84   -2.08   -6.55   -1.93   -2.86   -1.02    0.68   -2.16   -0.36
200107   -7.24    0.54    0.90    0.02    0.56   -1.37    2.16    2.48   -0.22   -0.40    1.99    0.52   -2.75    2.66    1.77    5.29    0.25   -0.41    0.25
200108  -10.57   -6.63   -3.45   -1.81   -6.83   -5.53   -2.39   -3.35   -0.55   -6.64   -7.10   -6.24   -4.98   -2.61   -2.21   -3.71   -3.06    0.12   -2.13
200109  -16.32   -9.45   -4.01   -5.04  -11.07   -6.55   -2.90   -3.56   -4.95  -13.57   -7.37   -6.19   -6.82   -4.22   -1.87   -1.62   -5.14   -4.99   -4.84
200110   10.23    3.89   -1.71   -1.83    4.22    1.88   -2.16   -3.75   -1.66    3.97    4.56    3.25    0.85   -1.69   -2.51   -5.94   -2.01   -1.84   -1.21
200111   12.54    9.04    5.03    3.56   11.13    5.35    4.48    4.53    3.55   13.10    8.44    5.01    5.61    5.81    3.46    5.79    3.57    3.44    3.80
200112    1.41    2.00    1.56    1.95    2.84    1.44    0.59    2.74    1.77    1.39    4.90    0.27    2.32    0.77    0.45    3.50    2.14    2.01    1.17
200201   -3.12   -1.59   -0.62   -0.08   -1.87   -1.06   -0.24   -1.06    1.01   -2.37   -1.19   -0.98   -1.12   -1.28    0.58   -0.88   -1.20    1.29    0.33
200202   -7.63   -3.56    2.12    1.44   -4.66    0.39    2.66    0.78    2.36   -6.57   -2.06   -1.27    1.64    1.91    3.25    1.17    0.49    2.93    0.95
200203    6.33    4.35    2.46    5.87    4.03    3.70    1.94    4.80    6.12    4.39    3.56    4.99    2.76    2.91    1.20    3.79    5.60    5.63    7.37
200204   -7.81   -6.19   -4.85    0.23   -6.10   -6.35   -4.16   -2.58    1.92   -5.84   -6.44   -6.36   -6.34   -4.38   -3.99   -3.86   -1.58    2.57    0.29
200205   -3.48   -1.28   -0.34    1.31   -1.63   -0.94   -0.47    1.75    1.24   -1.22   -2.18   -0.59   -1.20   -2.91    1.44    2.23    1.39    2.17   -1.14
200206   -9.28   -8.36   -5.62   -5.40   -8.86   -7.13   -4.92   -4.56   -6.63  -11.57   -5.18   -7.38   -6.95   -6.81   -3.50   -5.23   -4.05   -6.79   -6.20
200207  -11.18   -8.33   -6.37   -6.59   -8.80   -8.32   -6.09   -3.64  -10.67   -9.01   -8.62   -6.45   -9.69   -4.71   -7.88   -5.23   -1.86  -11.89   -7.76
200208    0.37    1.82    0.84    0.01    1.50    1.48    1.56   -1.20    2.18    1.16    1.80    3.05    0.29    1.72    1.34   -0.22   -2.26    0.47    6.02
200209   -9.70  -10.34   -9.00  -12.79   -9.45   -9.94   -9.28  -10.93  -13.01   -8.88   -9.93  -13.81   -6.91   -8.06  -10.94   -9.48  -12.55  -12.69  -13.68
200210   10.57    9.44    6.23    6.86    8.12   10.42    5.73    6.67    7.02    7.66    8.52   14.79    7.24    4.35    7.66    6.65    6.69    9.11    2.47
200211   10.96    4.49    3.13    6.41    4.32    3.74    1.93    6.23    5.92    2.89    5.56    5.14    2.63    0.91    3.30    5.61    6.94    8.04    1.02
200212   -9.03   -7.42   -3.63   -3.17   -7.63   -5.17   -3.54   -4.24   -1.51   -6.49   -8.60   -6.59   -4.04   -3.18   -4.03   -3.57   -5.00   -3.44    3.28
200301   -1.85   -2.63   -2.94   -3.37   -3.14   -2.56   -2.89   -3.38   -2.47   -2.81   -3.43   -0.71   -4.01   -3.79   -1.70   -2.51   -4.39   -1.68   -4.31
200302   -0.98   -0.80   -2.85   -2.30   -0.64   -2.91   -2.49   -1.61   -4.21   -2.73    1.17   -1.37   -4.15   -2.17   -2.90   -2.91   -0.08   -5.35   -1.48
200303    1.02    1.83    1.47   -0.09    2.10    0.07    2.45    1.37   -2.13    1.23    2.83    0.82   -0.56    2.11    2.91    0.67    2.19   -0.90   -4.95
200304    9.32    8.99    6.49    9.50    9.06    8.67    5.61    7.92   10.07    8.46    9.55    8.71    8.64    3.02    8.84    7.06    8.90   11.90    5.66
200305    9.65    4.90    4.77    5.52    4.54    5.40    4.94    3.40    8.65    5.11    4.07    6.26    4.67    5.03    4.84    4.52    2.16    5.72   16.06
200306    2.16    0.28    0.88    2.39    0.45   -0.01    1.07    1.43    2.64   -0.42    1.16   -0.35    0.28    1.51    0.55    0.84    2.10    2.50    2.98
200307    4.49    3.96    1.22   -0.75    4.61    2.99    0.66    1.33   -2.61    6.09    2.42    1.57    4.28    1.15   -0.18    0.75    2.43   -2.05   -3.92
200308    4.58    4.04    0.68    0.48    4.74    1.03   -0.50    1.97    0.22    4.08    5.74    1.41    0.70   -2.45    2.91    2.54    0.90   -0.33    1.50
200309   -2.91   -1.08    0.03   -0.96   -1.76    0.44    0.53   -1.11   -0.13   -0.44   -3.75    1.56   -0.56    1.28   -0.71   -0.48   -2.30   -1.57    3.20
200310    7.68    6.35    4.77    5.81    6.77    6.21    5.62    3.16    6.27    5.38    8.94    4.76    7.53    5.92    5.10    2.18    5.06    5.83    7.22
200311    2.84    0.47    0.94    1.58    0.17    1.44    1.24    0.67    1.68    0.86   -0.86    1.65    1.26    1.39    0.99    0.29    1.40    0.60    4.04
200312    2.72    2.78    5.53    7.52    2.52    3.50    5.08    7.27    7.78    4.31   -0.23    3.78    3.24    4.68    5.78    7.37    7.09    7.81    7.72
200401    4.32    1.28    1.53    1.17    0.61    2.21    1.33    1.61    1.59    0.75    0.37    3.81    0.79    2.37   -0.43    2.22    0.47    1.37    2.07
200402   -0.29    2.46    2.09    1.75    2.67    3.19    1.45    1.62    2.19    1.17    5.10    1.68    4.58    1.21    1.87    1.94    1.00    2.02    2.55
200403   -0.86   -1.05   -1.59   -1.34   -1.07   -0.76   -1.40   -1.83   -1.65   -1.83    0.11   -0.98   -0.57   -0.96   -2.15   -2.36   -0.81   -1.76   -1.41
200404   -3.21   -1.98   -0.73   -0.98   -1.97   -1.57   -0.50   -1.17   -0.55   -0.77   -3.78   -2.05   -1.16   -0.99    0.37   -0.90   -1.68    0.32   -2.62
200405    1.79    1.70    1.20   -0.20    1.81    1.01    0.78    2.19   -1.79    2.81    0.24    1.27    0.80    1.09    0.24    2.07    2.43   -0.84   -4.10
200406    2.00    1.56    1.56    3.13    1.51    2.07    0.79    2.63    3.18    3.03   -0.95    1.78    2.31   -0.07    2.29    2.41    3.05    3.22    3.08
200407   -8.06   -3.97   -3.94    0.00   -4.58   -2.91   -4.00   -1.13   -0.52   -5.27   -4.04   -2.48   -3.58   -4.06   -3.96   -4.04    0.81   -1.04    0.64
200408   -2.13   -1.16    0.86    2.55   -1.72   -0.14    1.29    1.13    3.37   -0.92   -2.34    0.17   -0.64   -0.69    2.37    0.90    1.28    3.70    2.66
200409    3.95    2.44    0.66    0.11    2.04    3.18    0.29    1.22   -1.05    2.91    1.36    3.38    2.87    2.76   -1.02    0.05    1.96   -1.59    0.14
200410    2.52    1.88    0.53    1.27    1.86    2.40    1.09   -0.09    1.19    0.19    3.18    1.93    3.16    1.83    0.68   -2.45    1.41    1.19    1.18
200411    6.64    4.15    4.46    3.71    4.79    3.49    5.09    3.48    3.58    5.57    4.18    2.67    4.79    6.07    4.54    2.78    3.91    2.54    5.87
200412    5.26    2.95    2.89    3.31    2.93    2.97    3.78    2.28    3.38    3.37    2.57    3.00    2.92    2.92    4.27    0.76    3.20    3.38    3.37
200501   -4.57   -1.43   -2.23   -1.81   -1.52   -1.34   -1.79   -2.66   -1.70   -1.42   -1.60   -1.22   -1.53   -2.91   -1.17   -3.82   -1.98   -1.29   -2.57
200502    0.51    1.29    3.03    3.37    1.74    1.04    2.07    5.62    2.07    2.37    1.24    0.23    2.29    3.08    1.52    5.97    5.41    2.19    1.79
200503   -1.84   -2.47   -0.43   -2.04   -2.75   -1.52   -0.18   -1.27   -2.27   -4.22   -1.55   -1.82   -1.05    0.08   -0.32   -0.56   -1.68   -2.76   -1.21
200504   -3.98   -3.70   -2.00   -0.34   -2.74   -5.29   -1.70   -1.29    0.36   -4.38   -1.44   -5.92   -4.33   -1.65   -1.72   -1.08   -1.42    0.16    0.80
200505    7.20    4.95    2.40    1.27    5.41    3.11    2.25    1.89    1.30    4.87    5.83    3.83    2.02    3.40    1.60    3.02    1.22    1.21    1.50
200506    1.19    0.88    0.47    0.27    0.74    1.40   -0.01    0.29    0.45    2.03   -0.24    1.21    1.69    1.20   -0.70    0.78   -0.01    0.22    0.95
200507    5.99    5.88    4.14    1.41    5.47    6.59    3.69    2.26    1.39    5.80    5.07    6.45    6.79    4.47    3.14    3.13    1.44    0.73    1.98
200508   -1.00   -0.95   -0.92   -0.78    0.21   -2.66   -0.29   -0.91   -0.49    0.03    0.43   -2.54   -2.83    0.02   -0.51   -0.54   -1.28   -1.42    0.33
200509    0.53    1.37    1.79   -0.48    2.06    0.81    1.63    0.98   -0.61    1.90    2.25    0.40    1.36    2.29    1.17    2.24   -0.26    0.72   -1.76
200510   -1.78   -1.99   -2.30   -0.91   -2.27   -0.89   -1.43   -3.82    0.25   -3.09   -1.30   -1.58    0.04   -0.54   -2.02   -4.77   -2.87    1.04   -0.44
200511    4.26    5.17    3.49    3.20    4.29    5.88    3.11    2.70    3.62    5.44    2.93    6.44    5.14    4.23    2.36    2.92    2.48    3.85    3.42
200512    0.16    0.32   -0.20    0.15    2.00   -1.64    0.01    0.40   -0.14    1.60    2.48   -2.02   -1.14    0.80   -0.53    0.14    0.65    0.20   -0.45
200601    4.86    2.51    4.05    1.61    2.53    2.93    3.57    3.25    1.64    2.34    2.75    2.48    3.53    4.96    2.62    5.01    1.57    0.00    3.11
200602   -0.51   -0.99    0.06    1.23   -1.33   -1.24    1.56    0.39    1.27   -0.76   -2.01   -0.50   -2.22    2.94    0.60   -0.40    1.17    1.95    0.68
200603    2.82    1.38    2.25    0.87    1.39    2.58    2.58    0.83    0.75    1.08    1.76    1.36    4.24    3.23    2.10    0.57    1.08    0.22    1.22
200604   -0.09    0.36    1.92    1.74   -0.48    1.02    1.80    1.94    2.27   -1.38    0.67    1.52    0.36    1.39    2.10    3.09    0.83    5.07   -0.19
200605   -4.49   -4.32   -1.65   -2.15   -4.76   -2.53   -1.27   -1.99   -2.61   -5.20   -4.20   -3.72   -0.93   -1.87   -0.85   -2.62   -1.37   -2.87   -2.37
200606   -0.84   -0.13    0.26    0.74    0.47   -0.61    0.19    0.12    1.40    1.13   -0.36   -0.93   -0.20   -0.86    0.93    0.65   -0.39   -0.40    3.03
200607   -3.91   -2.08   -0.09    3.64   -1.75   -2.10    0.22    1.49    4.34   -2.60   -0.89   -2.67   -1.53   -1.69    2.34    0.34    2.48    4.28    4.55
200608    4.16    0.53    2.34    2.11   -0.02    2.66    1.73    2.12    2.33    0.14   -0.17    1.49    3.83    1.72    1.73    2.58    1.74    2.15    2.95
200609    2.39    1.31    2.82    2.04    0.80    2.81    3.26    1.87    1.90    0.34    1.25    2.21    3.39    4.58    1.85    1.40    2.27    1.56    3.09
200610    4.90    3.22    3.89    2.32    3.23    4.18    3.69    2.42    2.74    2.58    3.84    3.19    5.14    3.53    3.87    3.38    1.61    2.11    4.89
200611    3.46    2.04    2.13    0.98    2.05    1.96    2.47    1.37    0.85    1.53    2.53    2.03    1.90    1.25    3.80    1.55    1.22    0.89    0.71
200612   -0.56    0.46    1.58    2.81    0.41    1.72    0.85    2.57    2.80   -0.11    0.89    0.55    2.83    1.06    0.62    2.27    2.82    2.86    2.63
200701    2.61    2.85    1.34    1.08    3.08    2.25    1.86   -0.10    1.65    3.22    2.96    2.46    2.05    3.19    0.44   -0.38    0.14    1.06    3.53
200702   -1.41   -0.92   -2.26   -1.36   -0.92   -1.93   -2.38   -1.10   -1.70    0.72   -2.41   -0.92   -2.85   -2.61   -2.12   -1.49   -0.78   -2.04   -0.64
200703    1.38    1.13    0.52    1.74    1.34    0.81    0.63    0.94    1.74    0.55    2.06    0.78    0.83   -0.94    2.35    0.02    1.73    1.41    2.84
200704    3.71    3.68    4.98    3.66    4.06    4.34    4.83    4.61    3.21    3.72    4.35    3.04    5.55    4.94    4.70    4.85    4.41    3.68    1.71
200705    3.67    4.25    4.02    2.61    4.87    4.08    4.01    2.86    2.71    5.74    4.10    3.19    4.89    3.46    4.58    3.33    2.46    1.77    5.77
200706   -0.47   -2.07   -1.30   -2.49   -2.67   -1.98   -0.69   -1.33   -3.26   -3.26   -2.14   -1.02   -2.84   -1.23   -0.12   -1.45   -1.22   -3.94   -1.10
200707   -2.73   -4.22   -2.67   -4.12   -4.39   -4.07   -2.46   -2.49   -4.96   -3.45   -5.06   -3.97   -4.19   -2.53   -2.41   -2.16   -2.79   -5.29   -4.23
200708    1.74    0.64    0.52    2.67   -0.21    0.37    0.28    1.92    3.33   -0.30   -0.14    1.85   -1.54    0.51    0.08    2.21    1.65    3.22    3.57
200709    4.49    4.03    3.28    2.69    4.42    3.04    3.38    4.11    1.47    1.67    6.32    3.48    2.44    3.07    3.64    3.58    4.61    1.04    2.41
200710    4.32    1.37    2.45   -0.19    3.12    0.24    3.60    0.40   -0.48    3.57    2.82   -1.06    1.98    6.71    1.03    0.57    0.25   -0.31   -0.85
200711   -5.88   -4.14   -2.99   -4.79   -4.42   -4.10   -4.05   -2.04   -5.35   -2.84   -5.49   -3.73   -4.57   -5.96   -2.38   -0.01   -3.94   -5.25   -5.55
200712   -0.51    0.49    0.19   -2.35    1.26   -1.25    1.45   -0.98   -3.19    0.38    1.88   -0.65   -2.03    1.29    1.58   -0.91   -1.06   -2.26   -5.23
200801   -9.29   -6.92   -5.52   -2.86   -6.57   -5.91   -5.79   -4.70   -2.40   -6.99   -6.29   -7.45   -3.90   -5.49   -6.04   -5.88   -3.56   -3.50    0.12
200802   -1.78   -1.45   -2.18   -5.74   -1.84   -1.31   -2.48   -2.82   -7.01   -2.97   -1.08   -0.86   -1.88   -5.00   -0.35   -1.77   -3.82   -7.27   -6.45
200803   -1.71   -3.47    0.61    0.81   -3.01   -2.28   -0.01    3.02   -1.30   -4.10   -2.30   -4.14    0.09   -0.30    0.23    2.10    3.91   -0.32   -3.45
200804    5.99    6.50    4.80    1.92    6.37    6.28    6.11    1.55    2.39    5.51    6.92    6.71    5.75    4.58    7.34    1.83    1.28    2.02    3.22
200805    4.86    3.33    1.75   -1.36    4.97    2.17    0.89    0.16   -0.99    4.18    5.47    0.86    3.77    1.27    0.59    2.29   -1.87    0.20   -3.62
200806   -7.91   -6.43   -7.33  -11.25   -5.80   -8.24   -7.06   -7.92  -12.79   -8.44   -4.14   -7.43   -9.21   -9.79   -4.93   -6.77   -9.07  -11.81  -15.08
200807   -1.12   -4.88   -0.91    5.16   -6.76   -1.38   -0.96    2.38    7.47   -9.22   -4.22   -1.09   -1.54   -2.03   -0.42    1.41    2.85    3.73   11.81
200808    1.41    0.71    1.97    1.59    0.31    1.99    2.43    0.94    1.35    0.51    0.12    1.45    2.27    1.37    2.96   -0.96    1.85    3.44   -0.90
200809  -13.03  -13.68   -7.59   -1.59  -14.82   -7.55   -7.23   -7.27    0.01  -16.83  -12.84  -11.52   -5.53  -11.58   -5.08  -16.00   -3.25    2.35   -2.60
200810  -19.50  -20.29  -15.78  -13.86  -22.00  -15.55  -15.86  -14.76  -14.69  -23.11  -20.96  -17.19  -14.76  -23.85  -12.18  -19.17  -12.99  -11.60  -18.32
200811  -11.91   -9.28   -3.07  -10.11   -8.78   -5.27   -2.78   -7.20  -12.02   -8.98   -8.60  -10.13   -3.02   -6.96   -1.26   -4.70   -8.13   -5.96  -19.60
200812    3.52    2.13    1.25    0.18    1.61    1.97    1.31    0.82   -0.82   -1.46    4.39    3.04    1.51    6.79   -0.58   -0.10    1.17    0.92   -3.37
200901   -3.53   -4.61   -7.83  -16.79   -4.22   -7.49   -6.81  -11.85  -21.29   -2.70   -5.53   -5.27   -8.46  -10.98   -5.27  -10.47  -12.39  -16.50  -28.92
200902   -6.71   -9.35  -10.36  -14.11  -10.03   -8.33  -11.76  -12.11  -15.85  -11.96   -8.33   -8.17   -8.39  -15.02  -10.63  -10.99  -12.56  -13.90  -19.50
200903    9.65    8.71    7.39   11.14    7.31    8.22    6.79   10.47   12.93    6.79    7.76   11.08    6.92    7.28    6.63   12.56    9.62   10.00   18.82
200904   13.98   11.51    6.90   10.27   12.27    8.51    5.54   10.35   10.36   12.86   11.77   10.25    7.69   15.36    2.29   10.74   10.20   10.32   10.43
200905    4.29    6.10    4.76    5.50    6.65    4.14    5.76    4.24    6.96    7.83    5.66    5.18    3.64    8.23    4.83    4.30    4.21    4.61   11.32
200906    2.13   -0.94    0.76   -1.37   -1.62    0.64    0.91   -2.06    0.14   -4.53    0.90    0.23    0.85   -1.71    1.91   -0.39   -2.72   -0.03    0.45
200907    8.73    8.07    6.36    9.15    8.48    6.62    5.73    8.74    9.04    8.72    8.23    7.29    6.24    4.70    6.55    8.24    9.37    8.32    9.94
200908    2.14    2.96    3.01    6.02    2.86    3.12    1.97    5.36    6.54    1.91    3.84    3.15    3.10    2.72    1.39    5.65    5.00    2.47   11.50
200909    6.74    4.59    2.58    3.44    4.52    2.89    3.15    2.69    3.48    3.66    5.39    4.73    1.84    2.35    3.78    2.12    3.38    2.38    4.70
200910   -4.57   -2.40   -0.52   -3.19   -1.68   -1.20   -0.42   -0.72   -5.18    0.26   -3.61   -3.79    0.33   -0.61   -0.28   -1.91    0.74   -2.44   -8.18
200911    5.01    4.56    6.06    6.34    4.27    6.27    5.70    4.70    7.90    5.44    2.97    5.11    6.93    5.86    5.59    5.74    3.45    7.83    7.99
200912    5.69    4.71    0.94    1.02    5.78    2.51   -0.25    1.37    1.20    6.82    4.60    2.71    2.40   -1.70    0.79    1.94    0.68    3.20   -1.11
201001   -3.72   -4.61   -3.64   -1.21   -4.60   -4.60   -2.83   -3.41   -0.65   -4.76   -4.41   -4.63   -4.59   -3.42   -2.42   -4.33   -2.28   -3.45    2.72
201002    4.16    4.44    3.37    1.56    5.03    3.46    2.88    3.75    0.82    5.32    4.70    3.31    3.54    3.40    2.51    4.37    3.01   -0.03    1.77
201003    7.13    5.81    5.25    7.24    5.47    5.16    5.12    7.27    6.85    4.97    6.07    6.46    4.42    6.51    4.14    6.68    8.00    5.93    7.87
201004    2.47    0.38    1.86    2.67   -0.28    1.49    1.53    3.64    1.95   -1.15    0.72    1.69    1.38    2.52    0.81    3.30    4.06    1.62    2.30
201005   -7.20   -8.86   -7.53   -8.54   -8.91   -8.28   -7.19   -8.35   -8.23  -10.18   -7.48   -8.75   -8.01   -9.14   -5.76   -7.74   -9.10   -6.80   -9.78
201006   -5.60   -7.12   -5.33   -4.35   -6.99   -6.51   -4.42   -5.86   -4.07   -7.33   -6.60   -7.37   -6.01   -6.13   -3.21   -6.65   -4.88   -0.85   -7.66
201007    5.99    7.42    7.25    7.35    6.87    8.34    7.62    6.25    8.21    6.37    7.33    8.71    7.82    7.68    7.56    6.60    5.66    8.20    8.24
201008   -5.01   -8.00   -5.49   -0.39   -8.61   -6.40   -6.09   -3.62    0.45   -7.87   -9.30   -6.61   -6.11   -6.47   -5.79   -4.53   -2.05    0.34    0.61
201009   12.18   10.26    8.63    7.18    9.10   11.68    9.21    7.36    7.17    9.84    8.39   12.89   10.02   10.12    8.47    7.45    7.22    7.41    6.79
201010    4.80    3.23    4.04    2.91    2.26    3.92    4.86    3.29    3.08    0.53    3.93    5.36    1.86    5.92    3.98    3.71    2.58    3.73    2.09
201011    1.45    0.81    1.28   -1.47    1.07    2.09    1.06    0.12   -1.99    0.91    1.22    0.26    4.81    2.34   -0.02    0.43   -0.41   -2.01   -1.96
201012    5.84    9.25    6.63    5.84    9.17    8.88    6.70    5.41    6.60   10.39    8.03    9.43    8.09    6.70    6.69    6.04    4.31    7.30    5.52
201101    2.01    2.96    3.10    0.02    3.35    1.87    2.86    2.49    0.09    3.56    3.14    2.14    1.47    3.53    2.27    3.99   -0.11    0.99   -1.34
201102    3.83    3.21    3.22    4.18    2.59    4.45    2.15    3.91    4.60    3.44    1.77    4.56    4.29    3.34    1.11    4.24    3.31    5.62    2.93
201103    0.55    0.37   -0.43    1.98    0.22    0.44   -0.17   -0.13    2.30    0.28    0.16    0.69    0.08    0.59   -0.86   -0.92    1.31    1.71    3.30
201104    2.60    0.86    4.23    3.41    0.18    2.63    3.86    4.64    3.19    0.77   -0.38    2.27    3.17    3.93    3.79    5.08    3.86    3.14    3.28
201105   -1.49   -2.25   -1.63    0.44   -2.40   -1.37   -1.36   -1.22    0.27   -2.42   -2.37   -1.95   -0.52   -2.13   -0.67   -2.32    0.78   -0.64    1.80
201106   -2.48   -2.24   -1.30   -0.90   -1.50   -2.46   -0.97   -1.17   -1.44   -1.15   -1.84   -3.76   -0.60   -0.79   -1.13   -1.95    0.21   -1.78   -0.89
201107   -1.10   -2.62   -3.12   -2.39   -3.22   -2.33   -3.49   -2.55   -2.38   -3.41   -3.04   -1.67   -3.09   -3.07   -4.22   -2.72   -2.41   -2.09   -2.73
201108   -8.01   -9.25   -6.23   -1.24   -9.11   -7.42   -8.43   -3.13   -0.49   -8.53   -9.62   -9.48   -4.99   -8.04   -9.10   -4.45   -1.96   -0.66   -0.29
201109   -8.51  -12.61   -6.95   -3.97  -12.62   -9.84   -8.55   -4.62   -3.92  -12.87  -12.39  -12.59   -6.76   -8.39   -8.82   -5.34   -4.01   -4.86   -2.78
201110   12.30   16.14   11.82    6.99   16.66   13.40   13.96    8.47    6.65   16.39   16.90   15.32   11.39   14.25   13.45    9.83    7.32    7.73    5.37
201111   -2.09   -2.03    1.04    1.34   -1.57   -1.20    1.03    0.99    2.03   -2.91   -0.40   -2.77    0.51    0.98    1.11    1.35    0.68    2.84    1.04
201112   -0.49   -2.60    0.99    3.73   -4.12    0.60   -0.75    3.14    3.87   -1.79   -6.12   -0.15    1.40   -1.05   -0.22    2.64    3.58    4.51    3.08
201201    8.45    7.96    5.48   -0.23    8.16    6.51    6.88    2.16   -0.98    8.60    7.77    7.64    5.33    6.97    6.72    4.09    0.50   -0.69   -1.34
201202    6.17    5.30    3.78    2.79    5.88    4.46    3.93    3.23    2.31    6.53    5.29    4.40    4.53    3.55    4.60    3.21    3.25    2.02    2.66
201203    3.92    3.51    2.53    2.53    2.69    4.96    1.59    2.23    2.71    5.34    0.25    4.83    5.11    1.24    2.19    2.08    2.36    3.58    1.63
201204   -1.13   -2.33   -0.69    0.63   -2.34   -1.40   -0.77   -0.63    1.85   -3.51   -1.21   -2.31   -0.44   -0.68   -0.93   -0.75   -0.53    1.06    2.86
201205   -6.81   -9.73   -6.16   -3.06  -10.32   -7.02   -7.90   -4.46   -2.00  -11.74   -9.02   -8.81   -5.16   -7.55   -8.51   -4.88   -4.08   -3.05   -0.68
201206    3.13    3.97    3.41    5.07    4.29    2.46    2.75    5.10    5.16    4.27    4.31    3.49    1.43    2.93    2.44    5.24    4.98    5.42    4.84
201207    0.62   -0.92    0.59    2.68   -0.07   -1.26    0.86    1.50    3.29   -1.67    1.07   -2.92   -0.09    1.04    0.77    0.48    2.11    2.99    3.78
201208    5.05    3.53    2.39   -0.11    3.61    3.57    1.86    1.43   -0.97    4.01    3.34    3.33    3.74    3.08    1.21    2.66    0.70   -1.13   -0.70
201209    2.78    3.27    2.27    2.76    3.17    2.99    2.03    2.74    2.68    4.83    2.01    3.51    2.64    2.70    1.67    2.58    2.83    3.17    1.90
201210   -4.68    0.41   -0.86   -1.23    1.03   -1.86   -0.63   -1.30   -0.40    3.30   -0.61   -1.11   -2.38    0.71   -1.36   -0.11   -2.00    0.66   -2.14
201211    1.77    1.57    0.34   -0.47    1.65    1.61   -0.28    0.09   -0.65    0.95    2.19    1.35    1.79    1.57   -1.32    0.72   -0.30   -0.87   -0.27
201212    0.93    3.70    0.96    0.07    3.88    2.47    0.26    1.04   -0.37    5.81    2.45    3.26    1.92    0.84   -0.06    1.94    0.48   -0.35   -0.40
201301    4.21    6.23    5.79    6.12    5.76    6.83    5.44    6.25    5.91    5.56    5.91    7.43    6.41    5.21    5.58    6.15    6.32    5.28    6.97
201302    0.83    0.03    1.75    2.03    0.01    0.52    1.77    2.44    1.65    0.52   -0.38    0.07    0.84    2.53    1.34    2.52    2.39    2.52    0.20
201303    4.12    3.76    4.04    4.03    3.71    3.84    4.05    3.91    4.39    4.73    2.91    3.89    3.81    4.34    3.87    4.24    3.71    4.93    3.46
201304    0.96    1.28    1.33    2.81    0.58    0.84    2.14    1.85    3.30    0.78    0.43    3.01   -0.67    1.06    2.77    1.04    2.35    3.29    3.32
201305    4.90    4.62    3.55   -1.52    5.17    3.90    3.27    1.53   -3.43    5.95    4.55    3.31    4.32    4.39    2.62    3.61    0.24   -3.33   -3.60
201306   -2.02   -1.87   -1.02   -0.40   -2.15   -2.27   -0.33   -1.12    0.47   -2.83   -1.59   -1.21   -3.03   -0.19   -0.41   -1.04   -1.17    1.14   -0.66
201307    7.18    5.83    5.48    4.07    6.29    5.91    5.64    4.60    3.74    7.25    5.28    5.08    7.14    4.82    6.22    4.71    4.42    3.18    5.10