Month     Less0   Lo30    Med40   Hi30    Lo20    Qnt2    Qnt3    Qnt4    Hi20    Lo10    Dec2    Dec3    Dec4    Dec5    Dec6    Dec7    Dec8    Dec9    Hi10
196107    4.29    1.96    4.19    3.38    2.02    3.92    3.55    4.20    2.42    1.28    3.19    1.74    5.20    3.24    3.78    3.86    5.23    2.30    2.52
196108   -2.54    4.22    1.53    0.59    4.43    1.32    2.58    1.34    0.93    4.34    4.57    3.46    0.10    4.10    1.50    1.80   -0.03    0.94    0.92
196109   -9.82   -1.01   -1.37   -5.05   -0.71   -1.07    0.11   -5.03   -4.54    0.33   -2.32   -2.12   -0.45   -0.97    0.90   -4.70   -6.01   -5.92   -3.47
196110    3.69    2.82    2.63    4.23    3.95    0.37    2.49    4.31    4.34    4.13    3.67   -1.51    1.45    4.85    0.79    4.41    4.02    4.81    3.98
196111   -1.78    3.47    5.89    4.17    3.32    5.80    5.98    4.33    4.57    2.77    4.18    4.06    6.77    4.43    7.13    4.63    3.40    3.93    5.05
196112    3.23   -1.28    1.28    1.62   -1.11   -0.14    0.52    2.34    2.30   -0.93   -1.39   -1.95    0.85   -1.43    1.95    3.00    0.29    1.15    3.17
196201    9.35   -5.83   -2.95   -0.34   -6.20   -4.67   -2.63   -1.13    0.32   -7.05   -4.87   -4.31   -4.87   -3.73   -1.85   -0.97   -1.65   -0.02    0.57
196202   -2.05    1.34    2.51    2.57    1.55    2.28    0.80    3.35    3.46    0.29    3.48    0.49    3.24    2.61   -0.45    4.16    0.75    4.01    3.06
196203   -1.49    0.18   -0.41   -1.98    0.70   -1.97    0.79   -0.33   -2.54    1.31   -0.22   -1.90   -2.01    0.30    1.13   -0.19   -0.80   -1.69   -3.18
196204  -14.20   -8.05   -4.82   -5.54   -7.97   -5.28   -5.50   -5.49   -5.13   -8.96   -6.47   -8.39   -3.66   -5.40   -5.57   -5.23   -6.38   -5.29   -5.01
196205   -4.47  -10.55   -7.07   -6.41  -11.19   -8.38   -7.19   -5.21   -6.70  -11.38  -10.91   -7.91   -8.62   -9.57   -5.51   -5.02   -5.83   -6.44   -6.89
196206   -2.53  -10.57   -6.69   -6.43  -10.76   -8.23   -6.66   -6.43   -5.45  -12.36   -8.39   -9.79   -7.44   -7.09   -6.37   -5.84   -8.43   -5.90   -5.12
196207    8.97    8.94    5.75    4.63    9.72    6.46    4.07    5.50    4.03   10.85    8.33    5.14    6.80    3.98    4.23    5.78    5.28    3.67    4.48
196208    5.51    2.46    2.33    1.86    2.68    2.16    1.84    1.99    2.61    2.35    3.09    1.33    2.37    2.24    1.21    3.16    1.07    1.81    3.61
196209   -7.32   -6.26   -4.31   -3.52   -6.56   -3.93   -5.78   -2.90   -4.34   -8.14   -4.59   -4.67   -3.75   -5.68   -5.95   -3.24   -2.62   -5.12   -3.38
196210   -1.61   -0.06    1.35   -0.10    0.03    1.92    0.45   -0.18   -0.29   -1.61    2.01   -0.53    2.52    1.34   -1.01   -0.55    0.11   -0.42   -0.13
196211   18.24   12.74    9.12   11.35   12.98    7.95   11.84   10.72   11.75   13.77   12.06   11.50    7.10   11.26   12.79   10.45   10.93   11.60   11.93
196212   -5.31    0.94    1.68    2.58    0.80    1.88    0.39    2.91    2.56    0.09    1.65    1.63    1.95    0.93   -0.49    3.31    2.60    3.49    1.43
196301    4.68    4.65    5.59    4.07    4.47    5.89    5.46    3.58    5.32    5.35    3.44    5.57    5.97    5.86    4.80    4.67    2.72    4.09    6.84
196302   -2.54   -3.16   -2.20   -1.19   -3.40   -2.32   -1.88   -1.52   -1.35   -3.41   -3.40   -1.93   -2.41   -2.29   -1.19   -2.16   -1.00   -1.99   -0.58
196303    3.24    2.53    3.58    5.23    2.44    3.69    2.33    4.92    5.56    2.74    2.09    2.99    3.87    2.49    2.08    4.99    4.86    5.16    6.03
196304    3.29    4.79    4.05    6.15    5.11    3.77    4.65    4.71    6.49    5.82    4.27    3.14    3.92    4.10    5.56    3.36    5.78    6.84    6.09
196305    2.42    2.17    1.85    1.94    2.14    2.18    2.43    0.50    2.80    2.26    2.00    2.32    2.15    2.83    1.78   -0.12    0.98    2.10    3.64
196306   -1.99   -2.68   -1.90   -0.53   -3.01   -2.26   -2.17    0.13   -0.71   -2.99   -3.04   -0.96   -2.58   -2.02   -2.42    0.70   -0.32   -1.01   -0.36
196307    0.60   -0.35    0.75   -0.56   -0.45    0.22    0.80   -0.64    0.40   -0.82    0.72   -0.16    0.99    0.71    0.88    0.23   -1.62    0.28    0.50
196308    0.91    5.47    4.79    6.56    5.71    4.89    4.51    6.86    5.70    5.70    5.72    5.03    4.60    3.56    5.35    6.27    7.54    5.13    6.23
196309   -4.76   -0.62   -1.69   -1.96   -1.11   -0.53   -1.73   -1.20   -2.33   -0.78   -2.16    0.28   -2.16   -3.14   -0.50   -0.89   -1.54   -1.83   -2.79
196310    2.28    3.43    3.20    2.05    3.38    3.06    4.40    0.82    1.87    3.86    1.86    3.52    2.11    0.76    7.48   -0.41    2.24    0.71    2.93
196311   -3.24    0.59   -1.78   -1.09   -0.13    1.21   -2.33   -1.91    0.09    0.11   -0.92    1.88   -0.19    0.62   -4.67   -1.48   -2.38    0.14    0.03
196312   -5.68    1.91    2.59    2.80    2.67    1.41    2.75    2.55    1.55    2.82    2.20    0.57    3.19    5.10    0.77    1.08    4.22    2.09    1.07
196401    3.85    2.95    2.64    2.11    2.89    2.53    2.83    2.18    3.36    3.33    1.42    3.06    1.43    3.78    1.99    3.50    0.72    3.26    3.45
196402    4.04    1.34    1.66    3.95    2.15    0.57    1.38    2.98    4.17    2.31    1.62   -0.12    2.04    1.54    1.24    2.35    3.71    2.99    5.25
196403    1.36    0.69    2.60    3.36    0.80    1.33    1.84    4.07    3.83    1.18   -0.46    0.47    3.11    1.78    1.91    5.20    2.82    3.26    4.34
196404    8.53   -0.68    1.91    0.52   -1.29    0.16    3.05    0.55    0.22   -1.68    0.04    0.46   -0.45    2.72    3.35    0.26    0.87   -0.76    1.08
196405   -0.25    1.15    1.67    3.03    2.06    0.09    1.66    2.97    2.32    2.22    1.53   -0.50    1.30    1.93    1.42    2.19    3.85    1.60    2.94
196406   -2.10    2.07    1.26    1.69    0.85    3.42    1.18    2.12    0.44    0.40    2.36    4.36    1.55    0.51    1.79    1.22    3.11    0.27    0.58
196407    5.73    0.94    3.36    2.21    1.58    0.61    3.64    2.68    2.37    0.53    3.55   -0.16    2.51    4.06    2.26    3.21    2.03    3.57    0.91
196408   -4.80   -1.60   -0.79   -0.09   -1.80   -1.30   -0.21   -0.76   -1.21   -2.20   -1.06   -1.24   -1.43   -0.05   -0.76   -2.24    1.09   -0.20   -2.49
196409    7.47    2.28    3.24    4.84    3.04    1.62    3.12    3.97    5.41    2.93    3.24    0.95    3.24    3.22    2.77    3.72    4.26    4.65    6.39
196410    6.08   -0.14    1.90    0.77   -0.33    0.63    1.81    1.11    2.03   -0.92    0.75    0.19    1.68    2.29    0.18    2.48   -0.53    1.95    2.14
196411   -1.64    0.36    0.81   -0.69    0.96    0.06    0.17    1.23   -1.40    0.67    1.46   -0.69    1.78    0.02    0.71    2.15    0.08   -1.79   -0.92
196412   -5.04    1.19    0.18   -1.19    1.01    1.01    0.53   -0.68   -1.76    0.95    1.12    1.52   -0.16    0.55    0.47   -0.76   -0.58   -1.85   -1.65
196501    8.20    4.68    2.45    4.19    6.13    2.64    1.92    2.90    5.35    6.83    4.92    2.08    3.92    1.23    4.28    2.85    2.97    5.94    4.62
196502    4.65    1.12   -0.20    1.12    0.99    1.66   -0.97   -0.05    2.15    1.36    0.32    1.36    2.35   -1.64    1.26   -0.13    0.03    0.72    3.93
196503    1.34   -1.35   -1.23   -0.13   -1.24   -1.60   -0.64   -1.79    0.17   -1.28   -1.17   -1.56   -1.69   -0.77   -0.23   -2.85   -0.45    0.03    0.33
196504    7.80    3.68    3.47    3.16    4.17    2.97    3.69    2.47    4.02    5.63    1.55    2.75    3.44    4.24    1.94    2.68    2.21    3.14    5.08
196505    0.96    0.61   -1.04   -0.65   -0.02    0.80   -1.70    0.16    0.53   -0.41    0.73    1.80   -1.43   -2.06   -0.49    1.87   -1.96    0.50    0.57
196506  -11.11   -4.77   -4.69   -5.71   -4.86   -4.64   -4.68   -4.91   -6.16   -4.60   -5.36   -4.61   -4.73   -4.27   -6.01   -4.69   -5.19   -3.90   -8.84
196507    5.57    1.48    1.20    3.51    2.27    0.02    2.08    3.97    3.37    2.24    2.30    0.48   -0.97    2.33    1.87    4.18    3.74    3.81    2.74
196508    8.65    2.87    3.21    2.47    3.61    2.03    3.67    2.72    3.30    4.47    2.57    1.93    2.26    2.86    4.39    4.16    1.09    2.40    4.62
196509    4.92    3.44    2.81    4.56    3.31    3.48    2.51    4.18    3.90    3.02    3.65    3.62    3.18    2.15    2.82    2.90    5.66    2.72    5.59
196510    5.79    2.29    3.06    5.73    2.43    2.42    2.63    4.51    6.42    2.65    2.16    2.11    3.12    2.52    2.73    4.45    4.57    5.22    8.10
196511   22.56   -0.56    0.63    2.30    1.22   -2.11    0.87    2.60    2.01    2.67   -0.55   -2.91   -0.36   -0.07    1.69    2.44    2.78    0.97    3.42
196512    5.94    0.67    1.52    2.60    1.17    0.10    2.03    2.05    3.44    2.63   -0.69   -0.02    0.35    3.30    0.94    2.82    1.18    3.76    3.01
196601    6.18   -0.21    1.50    4.16   -0.15   -0.55    2.36    4.04    4.85    0.09   -0.46   -0.30   -1.06    3.08    1.73    4.98    2.96    4.48    5.33
196602    9.33   -0.86   -2.06    1.14   -0.65   -1.47   -2.60   -0.03    1.81   -0.92   -0.30   -1.14   -2.16   -2.02   -3.11   -0.03   -0.03   -0.16    4.42
196603    2.04   -1.94   -2.42   -1.19   -0.36   -3.56   -2.32   -2.32   -1.10    0.63   -1.65   -4.16   -2.25   -2.72   -1.97   -3.14   -1.37   -2.47    0.63
196604    1.83    2.21    2.33    3.14    3.53    0.82    2.59    2.51    3.32    3.84    3.13    0.28    1.99    3.39    1.89    2.25    2.81    2.65    4.14
196605  -17.38   -4.42   -5.45   -7.27   -4.29   -4.61   -5.57   -6.47   -8.02   -4.53   -3.97   -4.61   -4.64   -6.04   -5.15   -6.94   -5.93   -7.59   -8.54
196606    1.58   -1.23   -1.91    1.36   -1.08   -2.16   -1.47    1.04    1.35   -0.37   -2.03   -1.47   -3.62   -1.55   -1.40    0.75    1.37    0.41    2.48
196607   -5.14   -1.88   -0.65   -0.68   -1.92   -1.57   -0.67   -0.34   -0.48   -2.02   -1.81   -1.65   -1.49   -0.55   -1.14    0.04   -1.02   -0.22   -0.92
196608  -13.76   -7.38   -7.16   -8.35   -7.17   -7.92   -7.36   -7.07   -8.27   -7.27   -7.05   -8.40   -7.32   -7.26   -7.77   -6.28   -8.48   -8.04   -8.67
196609   -4.24   -1.24    0.20   -0.96   -1.44   -0.89    0.02    0.69   -0.33   -2.18   -0.56   -0.28   -1.64   -0.18    0.82    2.21   -2.08    1.15   -2.86
196610   -8.43    3.92    5.49    2.86    3.51    5.69    5.39    4.33    3.61    1.87    5.44    5.84    5.50    5.73    4.03    5.84    1.48    3.84    3.21
196611   14.16    5.17   -1.36    0.77    5.85    1.87   -2.67    0.83    1.15    7.76    3.68    2.03    1.68   -3.38    0.18    1.21    0.08    2.00   -0.38
196612   -3.34   -0.40    1.20    0.22   -0.79    2.04    1.21    0.57   -0.52   -1.08   -0.44    1.46    2.77    0.67    3.31    0.06    1.60   -0.97    0.31
196701   28.81    7.24    7.67   12.94    7.15    8.59    7.43    8.96   13.05    7.28    6.99    7.68    9.70    7.13    8.59    7.04   12.74   10.64   17.39
196702    4.12    2.66   -0.31   -0.54    3.15   -0.17   -0.13   -0.55   -0.56    3.63    2.60    0.34   -0.80   -0.13   -0.13   -0.56   -0.52   -0.65   -0.39
196703    2.27    4.10    4.23    5.62    4.16    4.16    4.27    4.51    5.55    4.79    3.40    3.83    4.56    4.34    4.02    3.84    5.76    4.05    8.10
196704    5.34    5.95    2.84    3.97    6.33    3.23    2.80    3.80    3.72    6.47    6.16    4.09    2.18    2.95    2.25    3.47    4.42    3.84    3.51
196705   -1.82   -4.84   -4.12   -2.76   -5.04   -3.46   -4.59   -3.01   -2.94   -5.92   -3.99   -3.83   -2.99   -5.26   -2.05   -3.32   -2.45   -2.10   -4.32
196706    8.55    2.38    1.66    4.00    2.73    1.28    1.23    2.86    4.61    2.78    2.68    0.65    2.05    0.98    2.14    2.83    2.90    4.51    4.77
196707    8.03    4.33    4.67    7.41    4.36    1.04    7.82    6.82    7.70    3.23    6.31    4.22   -1.10    6.72    8.62    6.71    6.95    8.26    7.19
196708   -0.54   -0.61   -1.06    0.00   -0.78   -0.39   -1.29   -1.34    1.12   -1.24   -0.01    0.02   -0.68   -1.31   -1.28   -0.98   -1.80    1.87    0.43
196709    8.42    4.04    3.00    2.64    3.94    3.41    3.54    1.64    3.14    5.16    1.90    4.39    2.71    3.18    3.80    1.50    1.83    2.80    3.45
196710   -7.26   -0.95   -3.44   -4.99    0.05   -4.05   -2.57   -6.04   -4.83    1.91   -3.16   -4.64   -3.62   -0.43   -4.10   -6.66   -5.26   -2.17   -7.28
196711    6.94    1.78   -0.24   -0.46    2.03    0.15   -0.39   -0.24    0.07    2.63    0.93    0.83   -0.34   -0.60   -0.23    0.65   -1.35   -0.66    0.77
196712   10.64    2.12    3.46    5.64    2.08    2.57    3.77    5.48    4.48    2.53    1.24    2.30    2.77    4.04    3.57    3.82    7.61    4.89    4.08
196801    8.48   -6.19   -2.01   -1.07   -6.92   -2.26   -2.01   -2.43   -0.86   -8.59   -3.78   -3.31   -1.50   -0.34   -3.24   -3.26   -1.41   -1.72   -0.04
196802  -10.30   -3.18   -2.95   -3.47   -3.46   -2.67   -2.98   -2.88   -3.62   -3.47   -3.44   -2.16   -3.03   -2.28   -3.51   -2.59   -3.23   -3.73   -3.52
196803   -1.71    2.01   -0.82    0.48    2.81   -1.47   -0.12   -0.59    0.59    4.10    0.49   -0.97   -1.84    0.63   -0.70   -1.30    0.28    2.19   -0.91
196804   20.84   10.76    6.59   10.86   11.32    6.70    6.57    9.11   12.41   11.56   10.86    8.60    5.32    5.87    7.12    9.80    8.29   13.18   11.66
196805   14.49    2.66    1.11    4.28    3.11    1.00    0.60    3.06    5.18    4.47    0.55    0.89    1.08    1.03    0.27    3.31    2.76    4.79    5.56
196806    1.09    0.16    2.19    0.49   -0.53    2.35    2.29    2.47   -0.67   -0.99    0.37    2.93    1.91    2.00    2.51    2.42    2.52    0.56   -1.89
196807   -3.09   -5.38   -1.87    2.09   -5.98   -3.09   -1.84    0.16    3.43   -6.40   -5.59   -3.07   -3.10   -4.09   -0.48   -0.17    0.32    4.30    1.94
196808    3.32    1.34    1.49    2.27    1.01    1.87    1.73    2.21    1.93    1.89    0.23    2.57    1.15    2.63    1.20    1.15    2.74    2.01    1.80
196809    8.53    2.91    5.25    4.64    2.76    4.74    5.34    3.56    5.53    2.43    3.06    3.46    6.05    5.58    5.20    3.80    3.44    3.51    9.12
196810   -1.07   -1.43    1.88    2.71   -2.61    1.51    2.93    1.74    3.08   -1.16   -3.91    2.86    0.16    2.23    3.35    0.80    2.20    3.95    1.60
196811    5.90    6.72    4.21    6.61    7.09    5.67    2.76    6.10    7.23    7.43    6.76    5.45    5.89    6.81    0.37    6.80    5.76    6.32    8.83
196812    0.27   -4.57   -3.10   -3.33   -4.64   -4.18   -3.47   -2.96   -2.71   -4.48   -4.79   -4.32   -4.04   -3.78   -3.28   -0.47   -4.17   -3.43   -1.49
196901   -0.70   -2.04   -0.09   -0.23   -2.14   -0.90   -0.23    0.63   -0.92   -1.33   -2.91   -1.66   -0.11   -0.15   -0.28    0.42    0.74   -0.84   -1.06
196902  -10.69   -4.82   -4.97   -5.13   -4.52   -5.79   -4.64   -4.66   -5.60   -5.88   -3.22   -5.86   -5.72   -6.64   -3.39   -5.02   -4.47   -4.78   -6.99
196903    1.01    4.23    2.29    3.26    4.21    2.34    3.16    1.47    4.82    3.01    5.31    4.28    0.39    1.97    3.88    2.08    1.16    4.43    5.52
196904    1.51    3.43    1.11    1.65    3.86    2.21    0.28    3.24    0.04    3.84    3.89    1.89    2.54    1.11   -0.21    1.93    3.90   -0.37    0.77
196905    0.94   -0.18   -0.72    2.23   -0.30   -0.97    0.43   -0.45    3.51    0.56   -1.07    0.27   -2.25   -1.16    1.40   -2.38    0.50    4.14    2.39
196906  -15.26   -3.53   -7.48   -8.01   -2.59   -7.22   -7.65   -6.91   -8.80   -4.17   -1.16   -6.91   -7.54   -8.29   -7.26   -6.87   -6.93   -7.48  -11.19
196907  -13.10   -5.28   -6.72   -7.07   -5.17   -6.11   -6.85   -6.21   -7.46   -5.15   -5.18   -5.67   -6.70   -7.14   -6.60   -6.52   -5.98   -6.98   -8.55
196908    1.52    7.16    4.69    3.12    7.63    6.03    4.40    2.36    3.70    8.79    6.93    5.44    6.82    4.28    4.51    3.46    1.52    4.00    3.01
196909   -1.38    0.09   -3.40   -4.42   -0.10   -1.04   -3.62   -1.89   -5.60    0.81   -0.66    0.81   -3.45   -4.57   -2.78   -2.96   -1.06   -5.55   -5.73
196910   13.81    6.93    6.68    3.15    6.91    7.37    6.56    5.33    2.49    7.92    6.27    6.99    7.89    6.77    6.37    5.87    4.93    1.66    4.46
196911   -8.80   -2.34   -3.73   -3.84   -1.94   -3.44   -3.29   -4.44   -3.85   -1.77   -2.04   -3.85   -2.89   -2.85   -3.66   -5.23   -3.83   -2.90   -6.02
196912  -11.64    0.48   -2.38   -3.59    0.84   -1.47   -2.17   -2.64   -4.01   -0.18    1.50   -0.90   -2.23   -1.29   -2.95   -2.87   -2.46   -3.95   -4.18
197001    2.41   -7.87   -7.18   -7.58   -8.38   -6.21   -7.28   -7.14   -7.86   -9.60   -7.61   -5.93   -6.58   -7.51   -7.07   -7.54   -6.84   -7.45   -8.82
197002    1.29    3.89    6.61    7.24    3.64    5.02    6.97    7.24    7.23    4.55    3.07    4.85    5.26    7.42    6.57    7.17    7.29    7.34    6.96
197003   -1.60   -2.65    0.31    1.87   -3.16   -0.89    0.94    2.01    1.34   -5.74   -1.55   -0.77   -1.06    1.58    0.37    0.38    3.24    1.76    0.31
197004  -18.68  -11.66  -10.53   -7.81  -11.86  -11.52  -10.03   -8.77   -7.75  -13.73  -10.74  -10.94  -12.31  -12.00   -8.24   -9.90   -7.95   -7.44   -8.50
197005  -15.46   -8.50   -7.27   -2.69   -8.61   -8.80   -7.00   -5.27   -1.77   -9.76   -7.95   -8.09   -9.79   -9.52   -4.82   -5.62   -5.02   -1.09   -3.47
197006   -9.35   -5.94   -4.37   -4.92   -6.79   -3.79   -4.29   -3.60   -5.53   -6.98   -6.68   -2.93   -5.01   -4.03   -4.51   -4.00   -3.31   -5.42   -5.81
197007    2.83    5.04    8.98    9.16    4.39    7.32    9.28    9.69    8.91    1.74    9.83    7.80    6.61   10.56    8.06    9.74    9.63    9.35    7.88
197008    5.40    4.09    4.37    7.03    4.17    4.10    5.01    5.08    7.02    4.89    2.80    3.77    4.61    5.22    4.81    3.47    7.06    7.06    6.92
197009   15.76    7.59    2.42    2.22    8.42    4.75    2.30    1.67    2.14    8.96    7.38    4.15    5.64    2.36    2.25    1.06    2.39    0.94    5.02
197010  -10.85   -1.34   -2.94   -0.63   -1.03   -2.30   -2.80   -1.42   -1.61   -0.54   -1.99   -2.70   -1.73   -1.70   -3.89   -3.70    1.25   -0.68   -3.78
197011   -4.01    4.47    6.26    5.14    4.78    3.76    6.43    5.77    5.44    4.20    5.93    3.15    4.64    6.51    6.36    6.83    4.58    6.27    3.46
197012    3.15    5.33    7.67    5.87    4.71    7.71    8.20    5.78    6.81    4.36    5.39    8.11    7.13    7.52    8.89    7.26    4.09    6.12    8.49
197101   25.24    4.58    6.78    3.28    5.04    4.66    5.77    4.94    4.07    4.67    5.76    2.59    7.64    5.77    5.77    7.63    1.77    2.91    6.86
197102    5.24    2.53   -0.32    2.68    2.51    2.11    0.96    0.40    1.84    2.22    3.09    2.61    1.43    1.00    0.93   -2.75    4.33    1.24    3.22
197103    9.70    6.19    3.42    2.84    6.39    5.13    4.25    2.24    2.75    7.09    5.04    5.30    4.90    4.60    3.91    1.59    2.99    2.42    3.51
197104    3.53    3.33    2.78    4.84    3.80    2.83    2.06    2.35    6.22    3.11    5.16    1.19    5.12    2.37    1.74    2.50    2.18    6.78    4.95
197105   -9.30   -2.91   -4.09   -4.48   -2.76   -3.77   -3.73   -4.22   -4.84   -3.00   -2.31   -3.58   -4.02   -3.55   -3.92   -4.60   -3.78   -5.10   -4.25
197106   -7.60    0.99    0.77   -1.25    1.02    0.77    0.77   -0.41   -0.95    1.19    0.67    0.89    0.62    1.50    0.03    0.85   -1.84   -1.43    0.14
197107   -9.64   -4.53   -3.87   -3.76   -4.87   -3.47   -3.62   -3.48   -4.70   -4.25   -5.48   -3.44   -3.53   -2.58   -4.66   -4.72   -2.89   -4.07   -5.39
197108    7.25    5.78    3.78    1.88    5.93    4.92    3.81    0.34    5.10    6.08    5.77    5.32    4.22    3.46    4.17    3.26   -1.02    2.49    7.98
197109   -3.73    0.55   -1.10   -1.66    0.75   -0.15   -0.94   -1.35   -2.45    1.49   -0.01   -0.09   -0.26   -0.76   -1.12   -2.29   -0.90   -1.63   -3.30
197110   -6.23   -3.42   -4.25   -4.55   -3.32   -4.45   -3.39   -3.53   -6.13   -3.14   -3.51   -3.75   -5.70   -2.55   -4.23   -4.52   -3.06   -6.32   -5.93
197111   -2.21    0.88   -1.18   -0.51    1.01   -0.36   -0.75   -0.69   -0.67    1.30    0.71    0.47   -1.86   -1.69    0.22   -1.38   -0.37   -1.10   -0.21
197112   12.35    9.19    9.55    8.73    9.78    8.24    9.04    8.42    9.91    9.70    9.86    7.25   10.10    8.39    9.68   10.04    7.65   10.16    9.64
197201   16.32    2.70    1.97    2.84    3.09    1.65    1.85    1.49    4.58    2.47    3.73    1.40    2.12    1.85    1.85    2.06    1.21    3.86    5.34
197202    1.55    4.57    2.20    1.29    5.44    1.90    1.97    1.02    2.27    7.48    3.34    1.59    2.47    1.78    2.17    2.42    0.34    2.22    2.32
197203   -2.80    2.46    0.68   -2.32    2.25    3.16    0.43   -2.57   -1.40    2.26    2.25    3.20    3.08    1.30   -0.44   -1.27   -3.23   -1.85   -0.95
197204    3.50    1.07    0.41   -0.61    1.31    0.05    0.31   -0.06   -0.45    1.14    1.50    0.22   -0.25   -0.74    1.36    1.33   -0.77   -0.33   -0.56
197205   -0.59    2.80   -0.59    1.73    3.67   -0.45   -0.44    1.71    0.50    4.08    3.22   -0.27   -0.76   -0.23   -0.64   -0.72    2.97    1.28   -0.31
197206   -6.52   -1.18   -2.53   -3.36   -1.20   -1.30   -2.75   -2.87   -3.93   -0.02   -2.49   -1.11   -1.64   -2.71   -2.78   -3.02   -2.79   -4.46   -3.39
197207   -0.68    0.73   -1.67   -1.05    1.23   -1.24   -2.11   -1.29   -1.06    1.48    0.93   -1.46   -0.96   -2.81   -1.32   -1.62   -1.01   -0.71   -2.09
197208    0.34    0.24    5.68    7.60   -0.11    3.49    5.66    5.77    8.17   -1.33    1.27    1.88    5.54    5.68    5.64    5.91    5.65    8.30    7.78
197209   -4.15   -0.01   -2.72   -0.22    0.20   -1.43   -3.30   -2.19    0.30    0.78   -0.45   -0.96   -2.00   -3.54   -3.04   -2.38   -2.03    1.20   -2.35
197210   -0.30    0.47    1.35    1.41    0.36    1.15    1.45    1.71    1.18    1.96   -1.45    0.97    1.37    1.53    1.35    1.12    2.21    1.10    1.44
197211    0.96    1.84    6.82    8.50    1.31    4.53    7.42    9.12    8.10    0.94    1.74    4.28    4.83    7.78    7.01    8.16    9.93    7.47   10.02
197212   -4.01    3.07   -1.12   -0.11    3.30    0.46   -0.96   -1.35    0.30    4.71    1.68    2.00   -1.42   -0.65   -1.31   -1.10   -1.57    0.61   -0.62
197301   -2.92   -2.20   -5.35   -0.50   -1.45   -5.49   -6.26   -4.61    0.93   -3.58    1.10   -5.59   -5.36   -5.81   -6.77   -3.37   -5.65    1.84   -1.79
197302   -7.76   -3.23   -4.35   -5.14   -2.76   -5.07   -3.56   -4.23   -5.71   -2.99   -2.48   -5.46   -4.57   -2.50   -4.79   -5.73   -2.95   -5.82   -5.37
197303   -2.59   -1.14   -0.94    0.68   -1.10   -1.05   -1.84   -0.62    1.33   -0.89   -1.34   -1.31   -0.73   -2.75   -0.78    0.74   -1.76    2.23   -1.43
197304   -4.02   -6.58   -4.44   -1.41   -6.28   -6.98   -4.26   -3.98   -0.59   -6.51   -6.01   -8.03   -5.67   -4.09   -4.47   -3.25   -4.60    0.14   -2.90
197305   -8.13   -0.75   -2.55   -3.30   -0.52   -2.61   -2.68   -1.50   -3.67    0.73   -1.93   -1.90   -3.48   -2.85   -2.49   -1.15   -1.82   -3.46   -4.37
197306   -5.42   -0.63   -2.13   -0.39   -0.59   -1.00   -3.11   -1.65    0.02   -1.00   -0.12   -0.84   -1.20   -3.02   -3.21   -1.22   -2.03    0.47   -1.45
197307   10.07    7.25    3.78    3.31    6.78    8.50    3.26    3.07    2.84    7.24    6.16   10.65    6.59    7.43    1.11    1.92    4.60    1.86    6.05
197308   -5.69   -3.52   -2.64   -2.94   -3.42   -2.58   -3.23   -2.82   -3.09   -4.00   -2.65   -4.22   -1.08   -1.80   -4.00   -3.05   -2.51   -3.07   -3.16
197309    9.33    1.99    9.19    9.08    0.77   10.63    8.79    8.75    8.96    2.30   -1.24   10.46   10.78    9.57    8.36    8.25    9.40    8.21   11.32
197310    2.66   -0.02    0.12   -1.51    0.21   -0.32   -0.05   -0.24   -1.95   -1.30    2.26   -1.46    0.68    0.93   -0.60   -0.17   -0.33   -2.80    0.65
197311  -22.01  -12.24  -12.97  -10.83  -11.90  -14.27  -12.07  -11.93  -11.26  -13.04  -10.39  -14.48  -14.09  -13.25  -11.39  -13.67   -9.70  -10.21  -14.39
197312   -5.60   -1.78    4.52    4.74   -2.02    1.79    4.58    5.01    4.92   -1.57   -2.59   -0.19    3.50    3.26    5.33    5.59    4.29    5.01    4.66
197401   17.71   -1.08    0.11    3.26   -1.64    0.74   -0.86    2.88    3.65   -1.71   -1.54    2.61   -0.81    1.25   -2.04    3.38    2.26    2.94    5.88
197402    3.16   -1.19    0.79    2.16   -1.59    0.71    0.93    1.27    2.45   -1.75   -1.39    1.32    0.18    3.63   -0.60    1.15    1.41    2.47    2.38
197403   -3.11   -1.76   -2.73   -2.57   -1.87   -2.51   -2.63   -1.83   -2.84   -1.62   -2.20   -1.08   -3.76   -2.35   -2.80   -1.80   -1.86   -3.34   -1.35
197404   -5.74   -3.81   -5.55   -4.66   -3.67   -4.79   -5.69   -6.32   -3.82   -2.91   -4.67   -4.60   -4.95   -6.54   -5.19   -5.90   -6.85   -4.57   -1.57
197405   -8.88   -2.16   -5.96   -3.41   -1.69   -5.20   -6.53   -5.25   -2.79    0.25   -4.24   -5.05   -5.34   -7.10   -6.20   -5.40   -5.07   -2.22   -4.46
197406   -2.12   -2.29   -2.21   -1.07   -2.21   -1.94   -2.40   -2.99   -0.36   -2.37   -2.00   -2.79   -1.18   -0.99   -3.22   -2.96   -3.02   -0.14   -0.99
197407   -9.08  -10.00   -2.78   -6.39  -11.21   -1.83   -5.31   -4.52   -4.12  -13.58   -7.19   -3.84    0.67   -3.27   -6.40   -1.32   -8.15   -4.01   -4.22
197408   -8.20  -10.20   -6.77   -5.33   -9.71  -11.28   -4.65   -5.76   -7.64  -10.51   -8.43  -12.55   -9.75   -7.44   -3.10   -7.63   -3.48   -7.18   -8.09
197409  -10.67  -13.92   -6.70   -8.21  -15.14   -7.86   -5.64   -8.32   -7.25  -16.32  -13.30   -7.95   -7.74   -4.80   -6.09   -7.78   -8.95   -6.57   -7.93
197410   16.64   21.60   13.54    3.88   22.89   15.77   12.37    8.92    4.40   23.05   22.66   15.77   15.77   12.74   12.17   13.52    3.48    5.97    2.82
197411   -9.30   -3.95   -3.68   -4.92   -4.13   -3.17   -3.89   -4.38   -4.57   -4.25   -3.95   -3.10   -3.25   -3.88   -3.90   -3.75   -5.19   -3.18   -6.02
197412  -14.08   -3.71   -0.67   -2.36   -4.15   -0.99   -1.15   -0.59   -3.73   -4.28   -3.97   -1.56   -0.31   -3.65    0.20   -0.07   -1.26   -3.46   -4.01
197501   40.39   10.94   16.26   23.97   10.51   13.97   15.84   20.32   25.49   10.13   11.08   12.94   15.16   20.05   13.66   18.47   22.79   24.88   26.14
197502    9.14    8.39    3.57    2.02    9.66    3.30    3.89    2.76    0.27    9.91    9.28    2.58    4.11    2.58    4.60    2.25    3.41    0.95   -0.44
197503    6.77    3.29    1.47    7.38    3.03    2.98    1.53    3.58    9.05    3.99    1.59    4.55    1.22    3.33    0.57    1.61    6.08    8.97    9.14
197504    6.65    5.47    3.47    4.45    5.21    6.39    2.23    4.04    3.56    5.33    5.03    6.71    6.02    3.66    1.45    3.13    5.15    4.50    2.56
197505    5.51    5.39    6.68    4.02    5.27    7.01    5.70    5.59    3.99    5.70    4.59    5.97    8.21    6.76    5.10    6.89    4.05    2.49    5.62
197506    6.69    4.22    6.40    7.52    3.73    6.49    6.32    6.88    7.78    3.30    4.40    6.53    6.44    7.92    5.43    6.52    7.33    7.68    7.88
197507   -5.49   -7.99   -4.00   -4.03   -8.52   -5.71   -3.69   -3.84   -3.88   -9.16   -7.58   -5.93   -5.34   -2.42   -5.23   -3.51   -4.15   -4.23   -3.41
197508   -6.98   -2.93   -1.48   -1.92   -3.34   -1.43   -1.80   -1.34   -1.39   -4.09   -2.25   -1.36   -1.55   -2.94   -0.37   -0.26   -2.39    0.89   -4.41
197509   -6.10   -4.75   -1.84   -3.33   -4.71   -4.12   -1.37   -2.62   -3.77   -5.70   -3.29   -4.88   -2.84   -0.80   -2.05   -2.31   -2.93   -2.96   -4.91
197510    1.37    7.55    4.67    3.11    8.20    4.18    5.83    3.54    1.99    8.31    8.04    5.14    2.59    6.23    5.34    2.98    4.11    3.02    0.53
197511    0.99    3.62    2.19    3.67    4.04    1.79    2.94    1.89    3.99    4.48    3.42    2.05    1.36    4.22    1.36    0.39    3.38    4.82    2.79
197512    0.76   -2.41    0.40    0.43   -2.97   -0.21    0.73   -0.01    0.75   -4.02   -1.46   -0.25   -0.15    0.15    1.47   -0.18    0.15    0.90    0.53
197601   25.20   11.31   12.15   19.63   10.90   12.83   10.98   16.49   22.45    9.45   12.91   12.85   12.78   11.10   10.84   15.81   17.16   23.01   21.61
197602   15.74   -1.39    1.81    4.70   -1.73    0.18    2.29    2.13    6.67   -3.81    1.07   -0.12    0.70    3.28    1.03    1.33    2.89    5.21    8.89
197603    5.37    2.87    2.95    1.53    3.55    0.96    2.94    3.16    0.80    4.48    2.35    0.39    1.93    2.84    3.06    4.14    2.23    0.82    0.76
197604   -2.81   -2.30    0.48   -0.31   -2.94   -0.09    0.46    0.76   -0.62   -3.19   -2.61    0.12   -0.45    1.02   -0.25    1.56   -0.02   -0.12   -1.36
197605   -5.11   -1.80    0.17   -0.57   -1.92   -0.76   -0.46    0.94   -0.70   -2.50   -1.17   -1.34    0.21   -1.54    0.96    2.35   -0.44   -1.51    0.51
197606    5.10    4.71    4.19    5.53    5.17    3.77    3.66    5.44    5.40    4.46    6.07    3.04    4.97    2.91    4.62    5.22    5.66    4.79    6.28
197607    3.97   -1.08   -0.60    0.42   -1.19   -0.83   -0.40    0.36   -0.15   -0.78   -1.65   -0.52   -1.08   -0.20   -0.55   -0.36    0.78   -0.04   -0.34
197608   -5.64   -0.41    0.32    0.15   -0.22   -0.23    0.49    0.90   -2.35    0.63   -1.16   -1.32    0.61    0.90    0.20   -0.57    1.74   -2.30   -2.44
197609   -1.80    1.35    3.51    3.99    1.48    2.42    4.01    3.03    4.52    0.92    2.12    0.70    3.73    4.07    3.96    1.89    3.67    4.82    4.05
197610   -4.10   -2.42   -2.25   -0.98   -2.69   -1.37   -2.36   -1.37   -1.80   -3.04   -2.31   -1.05   -1.60   -1.07   -3.31   -2.98   -0.48   -1.30   -2.60
197611    2.45   -0.67    1.39    2.55   -1.23    1.91    1.22    1.89    3.05   -1.68   -0.74    2.08    1.79    2.37    0.35    1.24    2.25    2.79    3.47
197612   12.14    4.54    7.22    6.97    4.21    6.89    6.68    6.92    8.26    2.46    6.14    6.13    7.44    6.52    6.81    8.29    6.18    7.40    9.68
197701    1.35   -7.25   -1.70    0.10   -7.95   -4.00   -1.18   -0.25    1.53  -10.13   -5.62   -3.91   -4.07   -1.05   -1.28    0.71   -0.78    0.90    2.52
197702   -4.26   -1.52   -2.37   -0.59   -1.43   -2.50   -2.21   -0.77   -1.38   -1.55   -1.31   -1.94   -2.90   -1.53   -2.74   -2.00   -0.08   -1.28   -1.53
197703   -1.90   -1.26   -0.98   -0.59   -1.52   -1.19   -0.63   -0.39   -0.86   -2.30   -0.72   -0.05   -2.01   -1.21   -0.18   -0.32   -0.42   -1.57    0.26
197704    1.92   -1.70    1.92    2.22   -2.33    1.08    2.17    1.92    3.28   -2.93   -1.72    1.17    1.02    1.53    2.67    2.59    1.55    3.00    3.70
197705   -3.00   -2.19   -0.23    0.01   -2.42   -0.47   -0.51    0.18   -0.36   -2.37   -2.48   -1.16    0.05   -0.07   -0.85    0.06    0.25   -1.15    0.86
197706    6.08    6.01    4.62    4.13    6.46    4.35    4.56    3.84    5.43    7.91    5.03    4.01    4.60    4.82    4.36    4.82    3.30    4.38    6.99
197707   -0.38   -0.93   -1.56   -1.48   -0.70   -1.48   -1.53   -2.01   -0.76   -0.73   -0.69   -1.81   -1.19   -1.53   -1.53   -2.07   -1.97   -0.46   -1.22
197708   -2.94    1.07   -2.98   -2.91    1.81   -2.02   -2.92   -3.17   -3.31    3.47    0.34   -1.88   -2.14   -3.07   -2.76   -4.06   -2.63   -3.16   -3.53
197709   -1.17   -1.06    0.10    2.29   -1.32    0.10    0.35    1.55    1.57   -1.17   -1.46    0.04    0.16   -0.02    0.78   -0.50    2.79    1.23    2.08
197710   -5.41   -4.34   -3.45   -3.60   -4.40   -4.30   -3.22   -3.51   -3.06   -4.76   -4.07   -4.10   -4.48   -2.52   -4.03   -2.73   -3.97   -3.20   -2.86
197711    7.48    4.49    4.50    4.17    4.75    4.36    4.34    3.37    5.94    4.68    4.80    3.42    5.18    4.28    4.42    4.07    2.97    5.58    6.47
197712    0.90    0.34    0.85    1.13    0.32    0.29    0.88    1.25    1.25   -0.66    1.21    0.41    0.19    1.94   -0.38    1.59    1.04    1.25    1.26
197801    0.95   -5.82   -5.56   -5.17   -5.76   -6.00   -5.06   -5.87   -4.46   -6.08   -5.47   -6.06   -5.95   -4.92   -5.22   -6.20   -5.67   -4.48   -4.42
197802    2.35   -2.53   -0.84    1.57   -2.68   -1.44   -0.83    1.14    0.69   -2.60   -2.74   -1.89   -1.05   -0.78   -0.89   -0.63    2.21    0.24    1.35
197803   10.82    2.50    3.39    4.56    1.62    4.83    3.46    3.66    5.25    2.42    0.90    6.22    3.66    3.38    3.55    2.95    4.07    5.17    5.37
197804    8.69   11.17    7.16    6.11   11.82    7.56    7.44    6.40    6.28   11.96   11.71    8.57    6.68    7.21    7.70    7.10    5.99    4.84    8.35
197805    8.66    2.38    2.39    1.52    2.43    2.25    2.80    0.65    3.54    3.41    1.56    2.19    2.30    3.19    2.33    1.58    0.10    3.46    3.65
197806   -0.15   -0.78   -1.65   -1.47   -0.64   -1.11   -1.78   -1.96   -1.08   -0.63   -0.64   -1.38   -0.87   -1.97   -1.55   -2.28   -1.76   -0.73   -1.57
197807    6.84    7.02    4.80    4.68    7.55    5.54    4.76    4.64    4.47    6.43    8.39    5.34    5.82    4.96    4.53    4.07    5.35    3.52    7.60
197808    6.79    3.99    4.70    4.33    3.62    4.69    4.74    5.40    3.91    3.07    4.03    5.19    4.00    5.52    3.84    5.20    5.66    3.66    4.68
197809    0.48   -2.71   -0.06    0.91   -2.96   -1.76    0.57   -0.31    1.37   -2.49   -3.31   -1.88   -1.59    1.14   -0.10   -0.14   -0.51    1.86   -0.17
197810  -24.54  -10.82  -11.38  -11.02  -10.47  -11.93  -10.53  -12.28  -10.78  -11.72   -9.56  -11.93  -11.93  -10.37  -10.72  -12.69  -11.79   -8.82  -17.05
197811    3.56    3.05    3.78    3.69    3.56    1.87    4.17    3.40    4.01    4.18    3.11    1.41    2.52    3.68    4.76    3.97    2.70    3.35    6.37
197812   -1.33    2.82    0.74    1.16    3.40    1.04    0.62    0.96    1.08    2.36    4.15    0.88    1.27    0.16    1.17    0.57    1.44    0.58    2.79
197901   16.38    3.81    5.78    5.28    3.13    5.79    5.76    5.94    5.17    2.82    3.35    6.11    5.33    5.49    6.06    6.19    5.64    5.04    5.61
197902   -5.54   -3.99   -2.43   -2.13   -4.05   -3.34   -2.57   -2.68   -1.68   -4.72   -3.58   -3.81   -2.68   -2.55   -2.60   -1.96   -3.60   -1.40   -2.64
197903   12.66    5.71    6.59    6.94    5.75    5.61    5.82    8.68    6.51    5.33    6.04    5.60    5.62    6.69    4.83    8.92    8.36    5.46   10.07
197904   -0.52    0.39    0.24    1.68    0.21    0.54    0.06    1.03    1.81    0.42    0.07    0.99   -0.09   -0.17    0.34    0.84    1.26    1.56    2.64
197905   -2.85   -2.11   -0.94   -1.21   -2.29   -0.78   -0.93   -1.63   -1.15   -2.31   -2.28   -1.52    0.27   -1.34   -0.45   -1.84   -1.38   -1.18   -1.07
197906    4.77    2.96    6.22    4.95    2.39    5.41    5.99    6.27    4.69    3.33    1.75    4.80    6.25    6.86    5.00    6.65    5.79    4.23    6.17
197907    0.30    0.39    2.49    2.11   -0.27    2.14    2.88    1.73    2.80    0.48   -0.87    2.36    1.89    2.60    3.42    2.24    1.36    3.18    2.40
197908    8.04    6.66    6.02    6.03    6.91    6.07    5.60    5.58    7.13    7.86    6.15    5.93    6.25    5.35    6.09    6.65    4.81    6.98    7.28
197909   -1.07   -1.63    0.88    0.72   -1.83   -0.81    0.56    1.13    1.31   -1.06   -2.47   -1.04   -0.53    1.08   -0.44    2.62    0.05    1.28    1.33
197910  -10.55   -7.25   -7.08   -6.93   -7.09   -8.12   -7.37   -5.48   -8.13   -6.36   -7.71   -7.69   -8.61   -6.47   -9.13   -5.37   -5.56   -6.72   -9.57
197911   13.16    6.46    6.13    5.62    6.75    5.90    5.77    6.33    5.24    7.56    6.08    5.61    6.24    5.74    5.83    6.72    6.04    7.27    3.09
197912   12.34    2.95    2.51    2.05    2.65    3.67    1.23    2.00    3.53    3.37    2.04    3.85    3.47    0.71    2.28    4.09    0.41    3.79    3.26
198001   20.73    3.56    6.70    8.22    2.76    5.52    6.40    7.35    9.74    1.45    3.90    5.96    5.02    7.52    4.18    8.46    6.47    9.84    9.64
198002   -3.52   -4.01    1.15    1.47   -3.70   -3.68    1.20    3.30    0.05   -2.55   -4.69   -4.94   -2.23    3.18   -2.83    3.48    3.15   -0.14    0.25
198003  -18.87   -9.24  -11.88  -12.53   -8.81  -10.60  -10.86  -12.30  -14.19   -8.66   -8.93  -10.53  -10.69  -11.13  -10.27  -14.39  -10.61  -13.75  -14.67
198004    5.03    4.50    6.07    4.31    4.18    5.94    6.51    5.15    3.45    4.07    4.28    5.45    6.49    5.54    8.61    5.02    5.26    4.86    1.87
198005    1.35    6.06    6.30    5.48    6.01    6.49    6.79    4.97    6.03    7.09    5.06    6.23    6.79    7.62    5.04    5.08    4.88    6.17    5.87
198006    0.98    3.27    3.36    3.56    2.97    4.50    3.35    2.87    3.79    1.66    4.15    4.18    4.85    3.66    2.68    2.29    3.32    5.00    2.40
198007   11.72   11.42    5.12    4.91   11.78    9.29    4.34    4.36    5.19   11.88   11.68   10.82    7.44    5.61    3.25    4.31    4.40    4.56    6.02
198008    5.61    2.94    1.47    2.59    3.19    2.11    1.87    1.22    3.01    3.41    2.96    2.52    1.61    1.55    2.14    0.39    1.83    2.65    3.48
198009   -0.05    3.60    3.79    1.68    4.52    2.41    4.31    2.55    1.62    5.73    3.28    2.02    2.90    3.40    5.08    3.62    1.78    1.52    1.76
198010    0.98    1.29    2.64    2.34    1.35    1.43    3.29    4.16    0.50    1.91    0.76    1.17    1.76    2.47    3.98    2.10    5.70   -0.36    1.59
198011    6.54   10.71   10.30   11.73   12.30    8.32   11.60   11.98   10.28   14.40   10.08    7.90    8.85    8.59   14.08    8.85   14.23    8.59   12.39
198012   -5.12   -1.28   -2.67   -5.42   -1.01   -1.84   -3.46   -3.81   -5.47    0.16   -2.29   -1.77   -1.92   -0.16   -6.03   -1.59   -5.34   -4.40   -6.73
198101    2.57   -5.12   -4.46   -2.89   -5.70   -3.76   -5.88   -3.35   -2.10   -7.05   -4.17   -4.05   -3.42   -4.91   -6.69   -2.20   -4.17    0.15   -4.86
198102    2.32    2.63    1.79    1.19    2.24    3.54    1.02   -0.06    2.51    1.35    3.22    3.33    3.80    0.49    1.46    1.24   -1.02    2.21    2.89
198103   12.85    5.17    5.40    2.15    6.05    4.07    6.50    2.44    2.51    6.03    6.07    3.57    4.68    8.16    5.10    3.66    1.52    1.93    3.25
198104    0.20   -0.35   -2.65    0.35    0.43   -1.46   -4.16   -0.21    0.36    1.46   -0.71   -1.77   -1.08   -1.33   -6.62   -0.92    0.34    1.59   -1.18
198105    2.91    2.56    0.33    0.40    3.19    1.27    0.10   -0.26    0.83    4.30    1.93    1.38    1.15    0.20    0.00   -0.13   -0.35    1.85   -0.50
198106   -7.93   -4.55    1.16    1.19   -5.63   -1.98    2.11    2.65    0.17   -6.89   -4.17   -2.46   -1.40    0.70    3.38    2.15    3.04    0.05    0.32
198107   -5.02   -0.22   -0.44    0.54   -0.08   -0.35   -0.53    0.67   -0.22   -0.65    0.60   -0.57   -0.22   -1.84    0.70   -0.62    2.22    0.03   -0.45
198108  -11.95   -8.08   -5.25   -4.16   -8.50   -5.83   -5.66   -4.77   -3.79   -9.17   -7.72   -7.00   -5.20   -5.57   -5.74   -4.63   -4.93   -3.83   -3.76
198109   -9.99   -7.12   -5.35   -4.44   -7.45   -4.68   -6.67   -6.29   -3.17   -8.25   -6.52   -6.27   -3.83   -5.55   -7.74   -5.50   -7.20   -5.50   -0.93
198110   -0.53    8.45    6.28    3.77    8.49    5.64    8.04    5.63    3.54    8.90    8.03    8.36    4.23    6.95    9.11    6.62    4.35    2.38    4.60
198111   -0.34    2.79    5.29    4.53    2.32    4.94    5.72    4.52    4.41    0.91    3.93    3.97    5.47    4.48    6.91    4.30    4.81    6.45    2.58
198112   -5.01   -2.68   -2.89   -2.43   -2.93   -2.16   -3.35   -2.76   -2.52   -3.12   -2.71   -2.08   -2.20   -2.65   -4.01   -3.19   -2.20   -3.56   -1.56
198201    1.23   -2.85   -2.07   -1.98   -3.19   -0.39   -3.31   -3.17   -1.87   -2.87   -3.54   -2.00    0.48   -1.90   -4.66   -3.87   -2.24   -1.55   -2.16
198202   -4.81   -6.74   -4.77   -2.73   -7.31   -5.53   -5.10   -2.58   -2.94   -8.31   -6.19   -5.36   -5.62   -4.92   -5.27   -2.88   -2.20   -1.31   -4.44
198203    2.07   -2.10   -0.59    0.61   -2.98   -0.46   -1.28    0.44    0.80   -2.81   -3.15   -0.02   -0.69   -0.45   -2.14    0.65    0.17    0.34    1.23
198204    5.90    5.23    5.28    2.38    5.56    5.76    4.89    3.54    2.19    5.02    6.14    4.47    6.46    4.99    4.78    4.08    2.85    3.81    0.67
198205   -2.70   -4.01   -2.83   -1.42   -4.17   -3.19   -3.68   -2.51   -0.32   -4.59   -3.73   -3.63   -2.95   -4.82   -2.48   -1.28   -4.09    0.24   -0.86
198206    2.50   -2.92   -1.10   -2.12   -3.46   -1.06   -1.58   -0.79   -2.69   -3.88   -3.02   -1.65   -0.75   -0.58   -2.61   -0.89   -0.64   -1.11   -4.23
198207   -2.91   -1.73   -1.26   -3.45   -1.49   -1.52   -0.13   -4.53   -2.71   -1.76   -1.21   -2.40   -0.81    1.09   -2.57   -4.07   -4.92   -0.30   -5.22
198208   12.27   12.40   10.58   12.85   12.14   11.49   10.55   12.36   12.54   11.70   12.61   13.14   10.22    9.63   12.46   11.03   13.47   11.96   13.16
198209    0.89    1.55    2.71    1.09    1.25    2.25    3.29    1.76    0.92    1.64    0.83    2.40    2.13    3.24    3.38    2.14    1.44    0.75    1.10
198210   21.39   15.20   11.47    8.93   15.07   13.69   12.83    8.85    8.53   16.20   13.88   15.54   12.18   13.00   12.48    7.80    9.72    8.98    8.05
198211   11.18    8.80    4.90    1.94    9.01    6.10    6.16    2.15    2.07   10.45    7.44    8.22    4.33    6.55    5.36    2.76    1.66    3.21    0.84
198212    5.87   -0.27    1.71    1.96   -0.67    0.05    3.03    1.50    2.19   -1.53    0.30    0.83   -0.63    3.77    1.50    1.51    1.49    0.38    4.20
198301    5.88    3.20    3.37    5.78    4.09    0.97    3.92    4.33    6.67    5.43    2.63    0.81    1.11    4.84    1.99    4.73    4.01    9.13    4.04
198302    4.05    4.01    3.46    2.24    3.68    4.43    3.67    3.07    1.54    3.96    3.37    4.93    3.99    3.05    5.03    2.36    3.65    0.60    2.59
198303    3.36    3.49    3.70    3.57    3.00    3.56    3.82    4.21    3.52    3.40    2.56    4.87    2.41    3.15    5.23    4.90    3.66    1.69    5.54
198304   16.10    6.36    7.81    7.68    5.91    6.62    8.94    7.68    7.62    6.52    5.21    7.62    5.74    9.43    7.92    7.53    7.80    6.41    8.89
198305    1.27    1.68   -0.13    1.00    1.88    0.33   -0.45    0.88    1.08    2.13    1.60    1.13   -0.41   -1.58    1.93    0.94    0.83    0.82    1.35
198306    9.10    5.41    3.53    2.34    5.49    4.11    4.25    2.43    2.25    5.33    5.67    5.19    3.11    5.18    2.37    2.34    2.50    1.07    3.49
198307   -2.80   -5.56   -3.10   -1.28   -6.30   -4.75   -2.35   -2.36   -0.65   -6.37   -6.22   -3.99   -5.44   -2.11   -2.65   -1.81   -2.76    0.71   -1.50
198308   -1.84   -2.47   -0.09    4.02   -2.46   -1.55    0.16    1.35    4.75   -3.31   -1.36   -2.51   -0.67    0.49   -0.28    0.05    2.29    3.68    5.42
198309    0.37    1.45    3.23    0.54    1.11    2.89    3.33    2.06    0.04   -0.03    2.55    2.15    3.55    3.80    2.71    2.47    1.77    0.76   -0.40
198310   -4.36   -5.28   -1.31   -1.01   -7.35   -1.72   -0.33   -2.06   -0.77   -9.78   -4.36   -1.02   -2.34   -0.81    0.31   -2.70   -1.60   -0.52   -0.93
198311    3.89    4.79    2.16    1.55    5.47    3.74    0.48    3.60    1.00    7.88    2.67    3.48    3.98   -0.68    2.02    4.60    2.88    2.39    0.11
198312   -1.50   -2.52    0.15   -0.70   -2.12   -1.95    0.89   -0.94   -0.54   -2.33   -1.85   -3.32   -0.72    1.82   -0.30   -0.76   -1.08   -2.19    0.51
198401   -0.35   -5.17   -2.60    4.29   -6.23   -3.27   -2.83    0.43    5.56   -7.38   -4.84   -3.05   -3.46   -3.93   -1.40   -0.64    1.23    4.08    6.47
198402   -9.01   -5.33   -4.64   -1.54   -6.19   -4.46   -4.23   -4.56   -0.46   -7.09   -5.13   -3.68   -5.16   -4.07   -4.43   -5.08   -4.19   -1.59    0.27
198403    2.91    1.22    2.21   -0.03    1.17    2.51    1.67    1.24   -0.35    0.85    1.53    1.32    3.58    2.98    0.00    1.83    0.81   -0.73   -0.12
198404   -4.31   -0.37    0.31    2.06   -0.49    0.15    0.50    0.03    2.74   -0.70   -0.26   -0.14    0.42    0.39    0.64   -0.43    0.36    1.85    3.29
198405   -9.43   -6.51   -4.61   -4.02   -7.11   -4.88   -4.51   -4.68   -3.90   -7.09   -7.13   -5.40   -4.42   -3.46   -5.90   -5.16   -4.33   -4.29   -3.66
198406   -0.26    4.96    2.69    2.07    4.53    3.89    2.79    1.78    2.55    4.66    4.38    5.76    2.26    2.16    3.64    3.02    0.89    1.12    3.47
198407   -8.96   -2.94   -0.93   -2.02   -4.45   -1.33   -0.02   -2.07   -1.85   -4.86   -3.99   -0.40   -2.25    0.61   -1.11   -1.61   -2.57   -2.37   -1.31
198408   12.73   12.46   10.66   11.26   13.74   10.35   11.01   11.32   10.84   14.40   12.99   10.34   10.36   11.50   10.13   10.17   12.59   12.04    9.61
198409   -1.72   -3.31   -0.48    2.77   -3.67   -2.08   -0.54    0.68    3.46   -5.31   -1.82   -2.68   -1.51   -1.32    0.87    0.72    0.64    2.54    4.42
198410   -4.03   -0.85    1.24    0.08   -1.64    1.41    0.78    0.93   -0.11   -2.21   -1.02    0.48    2.32    0.81    0.74    1.16    0.67   -1.04    0.85
198411   -3.58   -2.71   -1.12    0.15   -3.63   -1.21   -1.32   -0.57    0.37   -4.61   -2.62   -1.21   -1.20   -1.73   -0.56   -0.59   -0.56    0.21    0.52
198412   -0.04    2.63    2.49    2.56    2.08    3.26    1.98    3.04    2.42    0.96    3.23    3.51    3.03    1.48    2.89    3.05    3.03    2.31    2.53
198501   10.88   11.05    9.35    6.05   12.71    9.39    9.46    8.58    5.13   14.12   11.30    8.45   10.29    9.85    8.73    8.18    9.01    6.05    4.21
198502    1.47    0.91    1.65    2.80    0.84    1.38    1.32    3.02    2.48    0.59    1.10    1.03    1.72    0.63    2.63    2.30    3.79    3.64    1.30
198503   -1.90   -1.99   -0.63    1.54   -3.39    0.00   -1.35    0.70    1.77   -3.09   -3.70    0.30   -0.28   -2.96    1.60    0.57    0.83    2.00    1.53
198504   -2.97   -1.68   -0.69    1.08   -2.07   -1.04   -0.54   -0.58    1.59   -2.25   -1.88   -1.06   -1.03   -0.86    0.02   -0.64   -0.52    1.82    1.36
198505    2.44    5.54    6.87    5.12    5.27    6.89    6.21    6.44    5.02    5.09    5.46    5.96    7.77    5.25    7.89    7.35    5.46    5.02    5.02
198506   -0.69    2.00    1.21    2.18    1.67    2.34    0.21    2.46    2.03    1.25    2.11    2.49    2.20   -0.34    1.15    2.30    2.64    2.05    2.01
198507    2.63    0.42   -0.25   -1.05    0.56   -0.49    0.36   -0.43   -1.40   -0.24    1.37    0.17   -1.30    1.71   -1.77   -0.79   -0.08   -1.57   -1.22
198508   -1.69   -1.67   -0.65    0.75   -2.17   -0.69   -0.66   -0.07    0.84   -2.60   -1.75   -0.80   -0.56   -1.03   -0.05   -0.69    0.51    1.37    0.32
198509   -7.08   -4.59   -3.38   -3.52   -5.01   -4.04   -2.56   -4.04   -3.51   -5.64   -4.38   -3.84   -4.28   -2.79   -2.19   -4.58   -3.55   -3.11   -3.92
198510    2.37    4.11    4.73    5.27    4.89    3.65    5.14    4.74    5.12    5.54    4.26    2.78    4.69    4.65    5.96    3.69    5.69    5.66    4.55
198511    6.78    9.34    7.47    4.88    9.04    9.17    6.98    6.07    5.02    8.99    9.10    9.85    8.35    6.86    7.19    7.83    4.51    4.60    5.46
198512    2.48    5.00    5.40    3.67    4.77    4.98    5.78    3.86    4.09    5.09    4.46    5.39    4.48    6.08    5.27    5.33    2.52    4.59    3.57
198601    4.24    2.04    0.38    0.58    2.23    1.96   -0.10   -0.92    1.35    2.72    1.76    1.70    2.27   -1.25    1.82   -0.26   -1.54    0.00    2.76
198602    4.69    8.65    7.88    6.94    8.70    8.23    7.49    8.06    6.85    8.05    9.34    8.56    7.83    6.42    9.20    8.94    7.21    6.62    7.08
198603    5.61    6.00    5.58    5.01    5.48    6.48    5.38    4.93    5.30    6.82    4.20    6.90    5.97    4.22    7.19    5.70    4.18    4.99    5.61
198604   -3.74    0.47   -0.20   -2.39    0.01    0.58   -0.47   -0.13   -2.95   -0.80    0.81    1.26   -0.27    0.66   -2.19    0.55   -0.79   -1.99   -3.90
198605    3.50    5.94    5.01    5.01    6.19    5.67    4.94    4.95    4.81    6.87    5.53    5.51    5.88    3.84    6.68    4.33    5.56    5.68    3.94
198606   -3.21    1.97    1.04    2.42    1.16    2.78    0.60    1.93    2.32    0.80    1.52    3.36    2.03   -0.37    2.13    1.15    2.69    2.12    2.52
198607  -10.55   -7.02   -7.23   -2.65   -8.01   -5.87   -7.67   -5.79   -1.57   -8.60   -7.24   -5.35   -6.42   -8.23   -6.67   -6.91   -5.04   -0.63   -2.29
198608    5.84    5.26    5.56    9.19    5.71    5.08    5.44    6.88    9.89    6.41    4.81    4.52    5.66    4.91    6.38    5.83    7.57    9.92    9.87
198609   -5.33   -9.59   -8.76   -6.90   -8.97  -10.92   -8.12   -6.62   -7.18   -9.26   -8.58  -10.63  -11.23   -7.83   -8.65   -7.20   -6.25   -7.08   -7.25
198610    4.39    6.31    4.73    5.08    5.71    7.09    3.11    7.39    4.02    5.05    6.59    7.34    6.83    2.09    4.90    7.12    7.56    3.67    4.29
198611   -0.64    1.81    1.78    1.90    1.50    1.86    2.34    1.64    1.72    1.96    0.90    2.34    1.35    3.07    1.05    0.59    2.30    1.63    1.79
198612   -3.32   -1.80   -3.29   -2.87   -2.29   -1.98   -3.30   -3.05   -2.95   -2.63   -1.85   -0.97   -3.05   -2.75   -4.26   -3.62   -2.70   -2.46   -3.32
198701   11.66   14.67   12.18   12.09   14.99   13.85   11.79   11.98   12.01   15.18   14.75   14.15   13.54   11.23   12.80   11.49   12.27   12.34   11.76
198702    6.91    8.08    6.56   -0.41    9.22    6.66    6.53    1.95   -0.49    8.52   10.15    6.18    7.19    6.94    5.81    5.72   -0.23   -0.62   -0.40
198703    2.25    1.19    1.80    3.17    0.97    1.44    2.42    2.52    2.89    1.63    0.11    1.58    1.29    2.75    1.81    0.47    3.79    2.52    3.18
198704   -0.35   -2.29   -1.42   -1.45   -2.29   -2.58   -0.65   -1.52   -1.48   -1.30   -3.59   -2.29   -2.90    0.63   -3.00   -1.75   -1.39   -2.57   -0.68
198705    0.64    1.00    0.73    0.28    1.13    1.19    0.62    0.14    0.23    0.50    1.98    0.77    1.64    0.86    0.16   -0.30    0.41    0.15    0.28
198706    2.74    4.37    4.94    4.88    3.79    4.90    4.87    5.68    4.61    4.33    3.05    5.37    4.40    4.74    5.11    6.05    5.47    4.74    4.51
198707    6.86    5.41    4.45    2.64    5.34    5.73    3.17    3.91    2.70    5.65    5.02    5.52    5.93    3.89    2.58    5.71    2.50    1.58    3.80
198708    0.11    4.56    4.61    3.49    4.31    4.23    5.19    3.50    3.91    4.96    3.61    4.93    3.56    4.05    6.15    4.66    2.56    3.99    3.83
198709    1.16   -2.16   -2.59   -2.16   -3.25   -0.99   -3.50   -2.78   -1.58   -3.09   -3.42   -0.57   -1.40   -2.07   -4.68   -1.96   -3.48   -1.60   -1.56
198710  -29.80  -23.66  -23.74  -17.74  -24.81  -22.79  -23.96  -21.63  -16.74  -25.92  -23.61  -22.02  -23.54  -24.91  -23.16  -23.47  -20.07  -15.06  -18.35
198711   -5.37   -8.70   -7.21   -7.14   -7.94   -8.89   -7.28   -6.47   -7.19   -8.06   -7.82   -9.74   -8.04   -6.76   -7.71   -5.79   -7.01   -8.27   -6.10
198712    6.78    9.02    7.59    5.30    7.95    8.87    7.61    7.62    4.51    6.88    9.10   10.52    7.23    7.63    7.59    8.05    7.26    4.62    4.40
198801    4.46    1.79    3.90    7.84    2.10    3.20    3.87    4.87    8.18    1.90    2.32    1.37    5.06    6.60    1.56    2.26    7.04    7.68    8.67
198802    8.60    5.65    5.73    3.16    6.41    4.27    6.17    5.24    2.97    7.13    5.66    4.60    3.94    5.84    6.48    7.27    3.62    2.43    3.48
198803    1.28   -2.10   -2.40   -1.99   -1.36   -2.70   -2.83   -1.85   -1.93   -1.86   -0.82   -3.17   -2.25   -1.77   -3.77   -1.53   -2.12   -2.65   -1.24
198804    2.61   -0.25    0.54    2.27    0.20   -0.26    0.92    1.17    2.26    0.80   -0.43   -0.90    0.35    0.00    1.75   -0.17    2.27    2.33    2.20
198805   -2.19   -0.04   -0.16    1.86    0.33    0.11   -0.60    0.71    1.97    0.18    0.50   -0.59    0.79   -0.13   -1.01   -0.42    1.62    2.33    1.62
198806    4.19    5.18    6.13    4.17    5.71    4.86    6.96    4.20    4.50    7.21    4.07    4.40    5.29    5.78    8.03    5.22    3.38    3.95    5.03
198807    0.51   -1.75   -0.27   -0.41   -1.76   -1.44   -0.71    0.50   -0.48   -1.35   -2.12   -1.72   -1.04   -1.12   -0.09    1.47   -0.29   -0.87    0.16
198808   -3.59   -2.85   -2.46   -2.82   -3.29   -2.03   -3.09   -2.51   -2.38   -2.74   -3.77   -1.94   -2.15   -3.89   -1.92   -1.26   -3.58   -1.95   -3.07
198809    2.36    4.69    3.86    3.55    5.06    4.03    4.51    2.42    4.04    4.43    5.63    3.91    4.20    4.20    4.96    2.11    2.70    4.38    3.48
198810   -0.66    0.76    2.74    2.58   -0.46    3.07    3.68    1.72    2.53   -1.02    0.03    3.35    2.68    3.02    4.63    0.62    2.67    1.47    4.25
198811   -1.76   -1.72   -2.22   -0.99   -1.54   -2.55   -1.98   -1.12   -1.30   -1.73   -1.38   -2.09   -3.18   -2.47   -1.28   -1.89   -0.46   -1.62   -0.79
198812    2.84    2.49    2.19    1.58    2.44    2.26    2.80    1.54    1.39    2.42    2.45    2.60    1.80    2.95    2.59    1.10    1.90    1.59    1.08
198901    7.49    6.70    6.25    7.07    6.25    6.88    6.56    6.55    7.06    7.37    5.26    7.67    5.82    6.43    6.74    5.89    7.09    6.67    7.69
198902    0.07   -2.00   -1.64   -1.83   -1.87   -2.28   -1.52   -1.59   -1.86   -1.42   -2.26   -2.29   -2.26   -2.21   -0.57   -1.35   -1.79   -1.46   -2.49
198903    5.90    2.34    1.47    2.67    2.13    3.21    0.97    2.52    1.82    3.23    1.15    2.78    3.81   -0.84    3.42    0.54    4.13    2.53    0.69
198904    3.81    6.03    4.42    5.01    6.64    5.17    4.77    4.01    4.81    6.12    7.11    4.75    5.74    4.86    4.66    2.31    5.36    5.99    2.86
198905    4.43    4.87    3.83    3.73    5.24    4.17    3.55    3.70    3.91    4.82    5.61    4.09    4.27    2.77    4.68    4.06    3.42    4.06    3.65
198906   -0.56   -1.45   -0.21    0.00   -1.95   -0.69   -0.21   -0.17    0.49   -1.60   -2.25   -0.38   -1.11   -0.11   -0.36    0.67   -0.82   -0.29    1.85
198907    8.16    9.34    7.75    6.97    8.83   10.18    7.68    6.64    6.71    7.85    9.91   10.22   10.14    8.01    7.04    5.84    7.82    6.38    7.33
198908    1.54    1.11    1.86    3.57    1.49    0.95    2.08    1.43    4.39    1.89    1.05    0.48    1.51    2.11    2.00    1.77    0.93    2.61    7.72
198909    2.70    0.73   -0.98   -0.13    0.75    0.65   -1.60   -0.51   -0.32    0.10    1.47    0.68    0.61   -2.17   -0.45   -1.20    0.51    0.98   -2.62
198910   -4.03   -1.91   -3.02   -3.51   -2.24   -2.02   -3.61   -2.46   -3.67   -3.00   -1.38   -1.35   -2.79   -3.18   -4.44   -2.10   -2.97   -1.48   -7.70
198911    0.45    2.28    1.90    1.28    2.01    3.33    1.37    1.57    0.93    2.11    1.90    2.72    4.04    1.03    2.06    0.99    2.41    1.73   -0.66
198912    2.51    1.20    1.04    3.52    1.29    0.81    0.81    2.54    3.56    1.08    1.52    1.05    0.53    0.76    0.92    1.96    3.38    5.06    0.53
199001  -10.98   -7.27   -6.27   -7.65   -6.51   -7.58   -6.01   -7.77   -7.06   -4.84   -8.35   -8.53   -6.48   -5.50   -6.99   -6.55   -9.53   -7.00   -7.21
199002    2.40    1.04    1.71    1.96    1.39    0.73    1.80    1.78    2.17    1.89    0.83    0.45    1.04    1.68    2.03    2.13    1.25    1.38    3.86
199003    3.50    3.26    2.57    1.52    3.39    2.59    3.45    1.84    1.21    2.67    4.23    3.04    2.09    4.20    1.99    1.39    2.52    0.79    2.11
199004   -4.05   -1.42   -2.35   -4.11   -1.41   -2.12   -1.67   -3.50   -4.13   -2.07   -0.67   -1.44   -2.90   -0.32   -4.36   -3.12   -4.06   -3.45   -5.52
199005    8.29   11.23    9.32    6.84   12.02    9.98    9.43    7.90    6.72   11.35   12.77    9.85   10.12    9.47    9.36    8.37    7.21    6.38    7.45
199006   -4.14    1.88   -0.41   -2.46    1.68    1.00   -0.21   -1.40   -2.51    2.31    0.97    2.23   -0.41    1.06   -2.85   -0.78   -2.33   -2.52   -2.48
199007   -6.29   -0.96   -1.09   -0.64   -0.29   -1.20   -1.66   -0.12   -1.75   -1.24    0.57   -2.99    0.01   -2.08   -1.15   -1.17    0.84   -3.77    0.25
199008  -13.26   -9.25   -9.15   -9.69   -9.01   -9.21   -9.40   -8.77  -10.66   -8.90   -9.10  -10.02   -8.68   -9.99   -8.70   -9.17   -8.40  -10.81  -10.53
199009   -9.70   -6.75   -3.90   -5.59   -6.76   -7.16   -3.22   -2.46   -6.50   -7.21   -6.37   -6.69   -7.47   -2.34   -4.28   -0.23   -4.43   -5.73   -7.22
199010   -5.19   -0.92   -1.21   -0.15   -1.01   -1.04   -1.81    1.11   -1.55   -1.58   -0.52   -0.62   -1.31   -2.44   -1.06    0.56    1.62    0.73   -3.73
199011   11.62    8.45    5.96    5.63    8.74    7.61    5.54    5.47    5.14   10.02    7.62    7.54    7.65    7.45    3.24    4.64    6.22    5.81    4.47
199012    4.43    3.29    2.67    3.28    3.12    3.47    2.52    3.31    2.46    3.37    2.90    3.81    3.24    3.37    1.45    2.24    4.28    2.97    1.93
199101    8.53    5.48    4.72    5.10    5.82    5.13    5.89    1.65    6.97    6.73    5.01    4.42    5.60    8.22    2.92    0.20    2.92    7.17    6.75
199102   11.82    8.28    7.13    6.64    8.22    8.45    7.27    5.57    6.89    8.95    7.57    8.46    8.45    7.50    6.96    4.66    6.34    5.88    7.98
199103    8.16    4.25    2.65    1.16    3.98    4.58    1.65    2.25    0.74    3.75    4.20    5.09    4.25    0.86    2.71    2.92    1.68    0.80    0.69
199104    1.87   -0.71    0.31    1.40   -0.57   -0.19    0.01    1.06    1.62    0.25   -1.32   -1.16    0.45   -1.54    2.03    0.99    1.12    1.43    1.83
199105    3.33    4.44    3.43    4.94    4.64    4.27    3.71    2.10    6.29    5.83    3.54    3.80    4.58    4.88    2.25    0.70    3.30    4.42    8.23
199106   -8.12   -4.71   -4.05   -4.30   -5.05   -3.91   -4.66   -3.04   -4.73   -3.81   -6.24   -3.63   -4.10   -6.08   -2.84   -2.20   -3.75   -4.78   -4.69
199107    4.39    6.31    3.36    4.71    6.60    3.81    3.52    4.05    5.20    7.84    5.15    5.45    2.80    3.15    3.76    3.82    4.34    4.74    5.88
199108    1.82    3.32    2.35    2.86    3.45    3.33    2.23    1.40    4.04    4.20    2.56    2.93    3.58    2.92    1.78    0.98    1.94    2.65    6.11
199109    0.12   -2.07   -0.38   -1.51   -2.22   -1.79    0.01   -0.22   -1.33   -1.41   -3.21   -1.62   -1.89   -0.98    0.66    0.93   -1.65   -1.35   -1.29
199110    3.33    1.73    1.02    2.83    2.29    1.09    0.97    1.27    2.99    2.79    1.67    0.02    1.77   -0.44    1.88    0.16    2.71    3.20    2.68
199111   -6.58   -1.77   -4.14   -5.84   -1.59   -3.43   -3.76   -4.88   -6.89    0.05   -3.63   -2.33   -4.12   -4.04   -3.59   -4.78   -5.00   -6.62   -7.28
199112    8.21   14.08    9.98    8.33   14.19   13.88    9.18    7.26    7.95   14.97   13.19   13.72   13.98   10.04    8.65    6.15    8.64    9.24    6.07
199201    6.99   -1.85   -1.31    2.69   -2.06   -2.02   -0.45   -0.59    6.20   -3.61   -0.01   -1.17   -2.56    2.11   -2.03   -1.04   -0.04    5.08    7.87
199202    4.09    0.38    1.25    3.00    0.57    1.38    0.40    1.57    4.06    0.97    0.06   -0.22    2.41    1.07   -0.04    1.10    2.12    3.57    4.77
199203   -2.76   -2.89   -2.18   -0.51   -3.29   -2.06   -2.69   -0.10   -2.47   -3.46   -3.07   -1.63   -2.33   -2.58   -2.76   -1.14    1.13   -1.97   -3.20
199204   -0.27   -0.78    3.53    3.22   -0.96    0.50    4.30    5.01    2.12   -2.24    0.69   -0.21    0.94    2.67    5.37    5.78    4.11    2.29    1.87
199205    0.32    0.95    0.70    0.06    0.97    0.88    0.72    0.18    0.29    1.74    0.01    0.86    0.89    0.85    0.64    0.43   -0.12    0.38    0.16
199206   -1.00   -3.04   -0.99   -2.24   -3.71   -1.19   -0.65   -1.47   -2.63   -3.47   -4.03   -0.95   -1.34   -1.86    0.11   -1.09   -1.93   -2.24   -3.21
199207    2.15    3.33    4.57    5.21    3.80    4.46    3.12    5.18    4.95    3.38    4.36    2.00    6.41    3.37    2.87    4.83    5.44    5.42    3.88
199208   -8.20   -1.41   -2.15   -0.92   -1.26   -1.67   -2.96   -0.99   -1.24   -1.89   -0.44   -1.84   -1.54   -4.00   -1.89   -1.46   -0.62   -0.86   -2.14
199209    0.58    0.43    2.34    1.60   -0.07    2.49    2.51    1.29    1.74   -0.60    0.62    1.87    2.97    1.86    3.16    1.05    1.48    1.72    1.79
199210    0.76    2.29    0.96   -0.35    2.00    1.58    1.42   -0.18    0.32    1.40    2.75    3.11    0.44    1.90    0.93    0.83   -0.95   -0.30    1.78
199211    7.37    5.06    3.88    2.23    4.82    4.68    5.16    1.08    3.67    4.98    4.62    5.72    3.89    5.41    4.90    1.31    0.91    2.94    5.34
199212    3.52    0.07    1.77    3.98   -0.24    0.82    2.31    3.13    4.19   -1.64    1.53    0.92    0.73    2.13    2.49    2.29    3.78    4.77    2.91
199301    5.62   -0.48    0.67    2.31   -0.38   -0.30    0.64    1.71    2.91    0.61   -1.60   -0.76    0.05    0.95    0.34    1.66    1.75    2.15    4.64
199302   -0.06   -1.97    0.72    4.12   -2.44   -0.90    0.80    4.08    3.49   -3.30   -1.36   -0.68   -1.07    1.04    0.56    3.25    4.72    3.32    3.87
199303    4.27    1.84    2.45    2.89    1.76    1.63    3.14    2.89    2.71    1.04    2.66    2.04    1.31    2.56    3.73    2.67    3.06    2.37    3.46
199304    0.89   -4.07   -3.28   -1.41   -4.46   -4.56   -3.10   -1.07   -0.98   -6.21   -2.34   -3.02   -5.78   -3.83   -2.37   -0.08   -1.81   -0.64   -1.72
199305    3.32    4.51    2.32    1.98    4.89    2.50    2.89    1.93    2.10    5.95    3.64    3.48    1.71    3.76    2.03    2.02    1.86    1.97    2.39
199306    2.42   -0.88    0.14    2.57   -0.84   -0.48    0.57    1.05    2.96   -1.60    0.07   -1.00   -0.05   -0.60    1.74   -0.48    2.21    3.30    2.20
199307    1.52   -1.71   -0.20    1.38   -0.66   -2.70    0.16    0.82    1.70   -1.14   -0.15   -3.66   -1.58    0.74   -0.52    0.73    0.89    1.84    1.42
199308    5.22    3.79    3.54    3.95    3.25    4.01    3.72    3.37    4.46    3.79    2.68    4.83    3.07    3.41    4.09    3.70    3.13    4.52    4.36
199309   -2.10    0.64   -0.24    0.32    0.73    0.27   -0.52   -0.43    1.06    1.92   -0.52    0.48    0.04   -0.43   -0.64    0.17   -0.87    0.25    2.61
199310    5.83    2.71    0.95    0.15    3.27    2.11    0.33    0.25    0.12    3.74    2.76    1.65    2.66   -0.66    1.53    0.32    0.20    1.34   -2.15
199311   -0.34   -0.19   -1.33   -3.97   -0.54   -0.43   -0.93   -3.01   -4.18   -0.51   -0.58    0.50   -1.51   -0.85   -1.01   -2.17   -3.64   -4.60   -3.36
199312    1.86    1.71    2.68    0.85    1.52    2.47    2.67    0.62    1.79    0.31    2.82    2.06    2.94    3.33    1.88    2.33   -0.68    1.58    2.20
199401    5.57    2.06    3.68    2.68    2.33    2.38    4.20    2.90    2.45    4.09    0.47    1.56    3.35    4.07    4.35    2.69    3.06    1.75    3.77
199402   -4.33   -1.85   -1.39   -3.89   -1.21   -2.04   -1.67   -3.12   -3.57   -1.12   -1.31   -3.08   -0.80   -1.48   -1.91   -1.43   -4.44   -4.05   -2.67
199403   -4.69   -4.85   -4.27   -3.82   -5.28   -4.29   -4.00   -3.95   -4.02   -5.99   -4.50   -4.01   -4.62   -3.50   -4.61   -4.51   -3.50   -4.19   -3.70
199404    0.54    0.80    1.41    0.96    0.15    2.00    1.35    0.57    1.30    0.11    0.20    2.03    1.95    0.58    2.30    0.79    0.39    1.16    1.57
199405    0.41    1.14    1.51    0.02    0.31    1.87    2.46   -0.04   -0.07    0.03    0.62    2.71    0.89    2.89    1.94   -0.28    0.16   -0.65    0.98
199406   -4.18   -3.15   -2.67   -1.28   -2.74   -3.34   -2.49   -2.09   -1.32   -2.88   -2.59   -3.90   -2.68   -3.71   -1.02   -3.18   -1.22   -0.76   -2.32
199407    3.54    3.32    2.75    3.32    3.00    2.77    3.22    3.07    3.41    2.39    3.61    4.07    1.39    3.63    2.74    2.93    3.21    4.14    2.12
199408    7.68    5.56    4.17    2.37    6.83    3.64    4.48    3.12    1.72    7.43    6.25    2.56    4.81    5.26    3.53    3.09    3.16    0.59    3.76
199409   -1.14   -0.71   -2.59   -3.04   -0.09   -2.29   -2.78   -2.76   -2.98   -0.49    0.31   -2.24   -2.34   -2.10   -3.61   -2.41   -3.12   -3.19   -2.62
199410    0.62    2.44    1.13    2.51    2.57    1.92    1.93    1.04    2.09    3.15    2.00    2.13    1.69    2.57    1.15   -0.89    3.01    2.78    0.88
199411   -4.25   -2.58   -4.34   -3.36   -2.47   -3.17   -4.23   -4.05   -3.80   -3.14   -1.79   -2.88   -3.49   -4.15   -4.34   -5.28   -2.84   -3.53   -4.28
199412    0.52    1.46    1.95    0.27    0.46    3.12    2.09    1.02   -0.03    1.29   -0.35    3.97    2.21    2.26    1.88    1.43    0.63   -0.17    0.23
199501    1.77    1.89    2.03    3.44    1.26    3.57    1.51    3.07    2.54    1.25    1.27    3.41    3.76    1.79    1.16    1.60    4.49    2.54    2.52
199502    4.11    3.56    4.25    4.21    3.27    3.87    4.48    4.49    3.97    2.35    4.19    4.26    3.44    3.21    6.10    4.50    4.48    4.24    3.47
199503    2.69    3.20    2.60    1.87    3.71    2.13    2.52    2.55    1.71    2.58    4.80    2.02    2.25    2.29    2.80    3.07    2.05    2.09    0.98
199504    4.20    1.00    2.96    3.78    0.75    2.29    3.37    3.35    3.06    0.84    0.66    1.60    3.06    4.29    2.20    2.05    4.59    3.11    2.96
199505    1.05    2.83    3.72    4.95    2.99    2.82    3.82    4.47    4.95    2.02    3.93    2.44    3.24    3.63    4.06    3.94    4.96    5.80    3.33
199506    4.35    4.33    2.50    1.82    5.21    2.66    1.89    2.42    1.94    5.73    4.72    2.24    3.13    2.16    1.55    3.20    1.70    1.12    3.52
199507    6.18    4.69    3.28    4.37    5.19    3.98    2.66    3.66    4.49    6.20    3.88    3.74    4.28    2.56    2.82    3.33    4.16    4.59    4.36
199508    3.40    0.26    0.88    2.21    0.53    0.22    1.27    0.96    2.43    1.22   -0.37   -0.27    0.84    1.60    0.79    0.37    1.83    2.80    1.99
199509    2.04    4.01    4.10    3.59    3.21    5.01    4.66    3.06    3.96    3.45    2.89    5.56    4.31    5.86    2.89    3.13    2.95    4.29    3.56
199510   -6.42   -0.70   -0.45   -1.80   -0.77   -0.45   -1.51   -0.12   -1.87   -0.35   -1.34   -0.57   -0.29   -1.35   -1.74    0.95   -1.69   -1.14   -2.75
199511    3.45    4.87    3.67    4.82    4.43    4.49    5.18    3.39    4.56    4.06    4.93    5.69    2.96    5.54    4.64    2.14    5.26    4.05    5.21
199512    1.67   -0.03    2.59    2.24   -0.12    1.29    2.52    1.88    2.99   -0.18   -0.05    0.14    2.78    1.56    3.99    2.53    0.94    3.08    2.88
199601    2.19    2.63    2.53    3.31    1.79    4.12    2.48    2.69    2.50    1.52    2.16    4.20    4.02    1.46    4.00    1.29    4.72    2.27    2.78
199602    3.44    2.14    1.13    2.02    3.10    1.33    0.38    2.53    0.49    4.20    1.54    0.42    2.47    1.01   -0.54    1.04    4.61    0.10    0.96
199603   -0.15    0.75    1.79    0.84    0.94    1.19    1.40    0.93    1.69    0.53    1.53    0.40    2.18    1.26    1.62    2.02   -0.54    0.38    3.27
199604    6.44    2.79    1.90    1.15    3.67    1.42    1.09    1.81    1.96    4.09    3.06    1.17    1.74    1.33    0.73    3.23   -0.15    1.23    2.84
199605    4.34    3.61    2.12    2.05    3.59    3.31    1.71    2.20    1.78    3.73    3.38    3.64    2.90    2.40    0.67    2.00    2.49    1.71    1.85
199606   -4.40   -1.18    0.50   -0.48   -1.65    0.27    0.57    0.00   -0.80   -2.08   -1.03   -0.29    0.95   -0.15    1.68   -0.03    0.05    1.19   -3.13
199607  -12.46   -6.49   -3.97   -4.27   -6.97   -5.06   -3.98   -3.99   -4.08   -8.67   -4.17   -5.58   -4.35   -3.41   -4.45   -3.57   -4.52   -4.26   -3.87
199608    4.98    3.56    2.53    2.91    3.92    3.07    1.86    2.32    3.90    4.00    3.81    2.86    3.35    3.21    0.74    2.87    1.62    3.89    3.93
199609    4.56    6.38    5.25    3.28    6.83    6.07    4.36    4.55    2.96    6.83    6.84    5.50    6.85    4.80    3.99    5.20    3.69    3.70    2.04
199610   -2.89   -0.55    3.41    3.45   -1.46    1.87    3.31    4.33    2.70   -2.73    0.51    1.24    2.74    4.18    2.57    4.25    4.44    2.47    2.98
199611    2.48    6.22    7.84    7.18    6.22    7.08    7.16    7.35    8.30    5.78    6.89    6.21    8.25    6.33    7.88    8.56    5.75    9.22    7.15
199612    0.28   -1.80   -0.80   -0.99   -1.11   -2.64   -0.64   -0.17   -1.28   -0.02   -2.75   -3.10   -2.03   -1.41    0.04    0.16   -0.61   -1.52   -0.97
199701    3.75    5.88    5.89    4.10    5.82    5.49    5.20    6.73    3.45    4.43    8.00    5.99    4.83    5.17    5.22    8.07    4.94    3.52    3.38
199702   -3.55   -0.41    0.78    0.69   -1.63    1.76    1.63   -0.48    0.73   -2.78    0.10    1.94    1.53    1.63    1.62   -1.28    0.64   -0.03    1.70
199703   -6.77   -5.65   -3.61   -3.45   -6.88   -3.90   -4.24   -2.32   -3.59   -6.94   -6.79   -3.37   -4.59   -4.32   -4.16   -1.63   -3.28   -3.74   -3.40
199704   -1.66    6.10    4.66    3.35    6.57    5.85    3.42    3.57    4.48    5.81    7.69    5.25    6.65    4.37    2.62    4.76    1.93    4.91    3.95
199705   11.11    8.16    6.16    5.45    9.14    6.59    6.61    4.81    5.90   10.40    7.32    6.37    6.89    5.41    7.65    4.76    4.87    6.07    5.69
199706    4.12    4.68    4.00    3.93    4.14    5.75    3.79    3.67    2.90    2.11    7.14    5.68    5.84    5.18    2.61    2.54    5.29    4.26    1.22
199707    8.31    8.59    7.63    5.28    7.55    9.35    7.60    5.58    6.22    8.55    6.52   10.27    7.86    7.65    7.54    7.31    3.83    5.05    7.89
199708    0.98   -5.31   -3.59   -1.33   -5.39   -4.72   -3.78   -1.61   -1.67   -5.13   -5.66   -5.18   -3.93   -4.68   -2.72   -2.38   -0.80   -2.81   -0.16
199709    9.95    5.59    5.09    6.49    5.26    5.91    4.95    6.19    5.66    4.01    6.59    6.10    5.59    4.96    4.94    4.67    7.76    4.72    6.88
199710   -3.73   -3.25   -4.26   -1.40   -2.84   -4.04   -4.36   -2.27   -1.89   -3.75   -1.90   -3.89   -4.30   -3.84   -4.96   -3.89   -0.65   -1.97   -1.80
199711   -1.45    3.47    3.75    4.99    2.96    4.30    4.07    4.30    3.79    3.19    2.71    4.29    4.31    4.87    3.13    1.78    6.74    6.28    0.57
199712   -0.95    0.94    2.55    3.65    1.06    1.72    2.88    2.05    3.55   -0.67    2.83    0.75    3.34    3.89    1.67    0.14    3.81    2.71    4.68
199801    1.66    2.65   -1.64    0.12    2.38    1.91   -2.31   -1.19    0.41    2.78    1.98    3.08   -0.05   -2.39   -2.22   -2.21   -0.29    0.12    0.80
199802    5.89    7.99    8.07    4.70    9.07    7.06    8.07    4.48    6.77   10.99    7.13    6.32    8.34    8.70    7.29    7.61    1.75    5.01    9.14
199803    8.28    4.36    4.68    7.42    5.56    3.61    3.95    7.10    6.68    7.03    4.02    2.45    5.57    4.68    3.05    5.53    8.54    6.68    6.68
199804    1.45    1.88    1.63   -1.51    1.77    1.50    2.08   -0.92   -0.11    1.98    1.54    2.06    0.57    1.12    3.29    2.05   -3.57   -1.37    1.51
199805   -4.79   -3.10   -2.04   -0.32   -3.07   -2.43   -2.54   -1.98    0.86   -2.19   -4.03   -3.16   -1.23   -2.59   -2.49   -1.82   -2.13   -1.77    4.13
199806    3.48    6.67    1.36    0.67    7.84    4.43    0.51   -0.34    1.28   10.44    5.02    4.77    3.88    1.25   -0.40   -0.38   -0.30    0.92    1.70
199807   -2.79   -1.95   -1.44   -3.79   -2.21   -1.70   -0.18   -3.43   -3.02   -1.11   -3.25   -0.75   -2.64   -0.49    0.08   -2.36   -5.43   -3.20   -2.77
199808  -20.84  -16.10  -14.97  -12.09  -15.95  -16.76  -17.09   -8.92  -13.29  -17.21  -14.74  -16.75  -16.76  -18.37  -15.99   -8.64   -9.46   -8.67  -20.07
199809   14.51    6.64    4.85    7.44    6.20    5.59    4.89    7.85    6.85    8.82    3.73    8.63    2.40    3.70    5.87    7.43    8.67    7.82    5.23
199810    5.43    8.02    8.23    4.79    7.58    8.96    9.63    5.43    5.29    4.24   10.90    9.98    7.67   10.64    8.82    6.30    3.75    3.58    8.21
199811   12.16    6.62    6.61    3.55    6.94    5.14    7.83    4.62    4.28    7.03    6.85    5.25    5.00    7.12    8.41    5.91    2.07    4.41    4.04
199812   14.09    8.06    3.85    2.79    7.80    6.89    4.37    1.71    4.44    9.92    5.79    9.17    3.92    2.57    5.85    2.83   -0.59    4.79    3.79
199901   13.22    4.51    2.10   -1.21    5.16    1.29    4.37   -1.63   -0.31    7.35    3.00    1.68    0.74   -0.51    8.22   -0.89   -3.43   -3.96    6.29
199902   -2.51   -3.89   -4.28   -2.57   -3.94   -3.44   -4.77   -3.53   -3.02   -7.24   -0.56   -3.67   -3.11   -3.38   -5.78   -4.38   -1.41   -1.51   -5.51
199903   11.91    4.43    0.71    2.23    5.02    2.13   -0.13    1.76    1.32    5.70    4.37    1.78    2.62    0.48   -0.58    0.61    4.53    0.25    3.16
199904    3.19    0.99    8.41   10.36    0.75    4.12    5.65   14.22    9.60    0.65    0.84    2.10    6.97    6.68    4.87   15.09   12.23   11.27    6.81
199905   -4.91   -2.31   -0.33   -0.40   -2.57   -0.85   -1.39    1.31   -0.72   -1.99   -3.14   -1.11   -0.50   -0.25   -2.26    1.71    0.35    1.32   -4.27
199906    3.18    6.52    4.90    1.11    6.74    5.11    5.31    3.44    1.18    7.22    6.26    5.51    4.57    5.28    5.33    4.49    0.93    1.50    0.60
199907   -4.44   -3.10   -2.57   -2.68   -3.05   -3.08   -2.72   -1.52   -3.36   -4.33   -1.48   -3.32   -2.80   -2.07   -3.52   -1.48   -1.60   -2.30   -4.83
199908   -1.43    0.58   -3.92   -3.25    1.89   -3.77   -5.02   -3.53   -2.89    2.31    1.40   -4.43   -2.97   -5.66   -4.22   -3.36   -3.82   -4.39   -0.82
199909   -1.83   -2.79   -2.56   -1.84   -2.45   -4.10   -0.02   -3.79   -2.66   -1.67   -3.40   -4.19   -3.99   -0.65    0.76   -5.82   -0.54   -1.70   -3.93
199910    7.14    7.88    2.25    4.53    8.95    3.51    2.54    1.02    3.34    7.98   10.14    3.39    3.65    3.11    1.73   -2.46    6.37    1.46    5.90
199911    9.49    3.55    0.76   -1.41    4.35    0.85    0.43   -2.55    0.40    6.78    1.42    0.05    1.82    1.61   -1.27   -1.41   -4.15    1.53   -1.07
199912   14.66    8.25    1.90    2.82   10.05    0.50    1.55    2.61    4.17   13.03    6.26   -0.46    1.58    2.82   -0.29    3.96    0.66    2.12    6.94
200001    0.97   -5.25   -2.64   -5.76   -5.76   -2.28   -2.33   -5.42   -6.08   -8.08   -2.64   -2.55   -1.98   -3.54   -0.54   -5.55   -5.22   -3.90   -8.87
200002   18.96    2.51   -7.33   -4.46    3.87   -6.29   -7.26   -4.64   -4.84    6.38    0.69   -4.64   -8.09   -5.20  -10.21   -5.18   -3.83   -4.60   -5.16
200003   -6.37    8.67   11.43    9.06    8.24   11.40   12.55    7.72    9.51    8.35    8.09   11.16   11.67   11.78   13.72    7.33    8.31    7.66   12.04
200004  -11.74   -4.17   -1.25    1.84   -4.53   -3.34    0.52    3.13    1.93   -7.78   -0.22   -2.16   -4.67   -0.25    1.67    4.11    1.69    0.04    4.44
200005  -10.09   -2.54   -1.35   -2.58   -3.69    1.64   -2.52    0.01   -4.09   -6.35   -0.46    3.61   -0.62   -0.87   -4.92    0.08   -0.10   -4.44   -3.66
200006   12.84    5.18   -3.24   -4.09    6.89   -3.85   -2.45   -3.11   -3.35   10.64    2.73   -3.27   -4.56   -2.39   -2.55   -1.72   -5.16   -3.38   -3.32
200007   -9.71   -2.09    2.64    1.82   -3.01    1.23    4.24    3.74    1.51   -4.18   -0.50    2.11   -1.41    4.64    3.65    5.03    2.40    1.44    1.68
200008   14.20    7.07    6.94    6.63    7.27    5.89    7.23    7.86    7.21    8.46    4.82    6.17    5.06    8.40    5.46   10.03    5.52    7.79    5.78
200009   -8.35   -6.29    2.55    1.56   -7.19   -1.53    2.82    3.79    1.07   -8.30   -4.81   -2.31    0.93    2.24    3.75    4.94    2.51    0.28    3.10
200010  -11.92   -2.23    4.05    1.82   -2.43    0.11    4.42    0.42    2.82   -5.23    3.35   -1.38    4.62    4.06    4.99    0.89   -0.10    4.69   -1.81
200011  -28.92   -9.30   -2.98   -1.95  -10.43   -4.08   -3.86    0.17   -2.69  -14.41   -2.92   -4.56   -2.69   -5.73   -0.86    0.78   -0.51   -2.10   -4.41
200012   -0.52    0.10    6.62    9.17   -0.84    4.64    5.70    9.25    9.64   -2.34    1.65    3.83    6.98    7.04    3.66   10.10    8.22    9.60    9.75
200101    7.68    3.71    1.56    1.13    3.54    3.39    3.31   -3.04    2.56    8.09   -3.98    4.35    0.65    4.37    1.66   -4.07   -1.78    2.73    2.05
200102  -23.33  -10.63   -1.78    2.86  -12.42   -3.30   -2.87    2.10    2.97  -16.43   -4.92   -4.05   -1.04   -4.12   -0.86    1.70    2.60    4.38   -1.25
200103  -16.26   -7.74   -1.43   -1.30   -8.92   -3.09   -2.19    0.32   -1.57  -10.73   -5.93   -3.78   -1.03   -1.87   -2.68    1.14   -0.70   -1.49   -1.82
200104   12.57    8.94    4.25    6.28    9.90    5.49    4.12    5.39    6.16   12.53    5.79    5.87    4.42    3.15    5.63    4.47    6.57    5.83    7.22
200105    1.47    0.40    3.14    1.52   -0.24    2.41    3.60    3.32    0.81   -0.29   -0.16    2.54    2.02    3.87    3.17    3.48    3.11    0.72    1.10
200106   -1.18   -1.56   -1.41   -0.76   -1.49   -1.43   -1.94   -1.64   -0.19   -0.88   -2.49   -1.81   -0.33   -2.18   -1.58   -1.36   -1.99    0.63   -2.83
200107   -9.89   -1.82   -1.08    1.91   -2.21   -0.94   -0.73    2.22   -0.41   -1.48   -3.25   -0.20   -1.62   -2.22    0.32   -0.26    4.03    0.65   -2.13
200108  -10.85   -7.33   -3.25   -4.95   -8.09   -4.00   -2.94   -3.51   -5.72   -8.24   -7.86   -4.26   -3.76   -2.13   -3.50   -2.43   -4.27   -5.35   -6.34
200109  -16.30   -8.60   -8.26   -9.00   -8.06  -10.58   -5.48   -7.61  -12.79   -7.78   -8.45  -10.72  -10.45  -11.42   -1.30  -10.27   -5.70   -9.61  -18.24
200110    8.50    3.36    1.53   -1.51    3.18    3.99   -1.73    0.09    0.79    3.86    2.19    4.10    3.90    2.14   -4.16    5.74   -3.35   -0.37    3.02
200111   12.41    8.25    6.70    6.92    8.02    8.45    5.51    5.97    8.91    9.07    6.46    9.16    7.77    7.87    3.92    7.06    5.24    8.02   10.57
200112    3.34    0.85    2.58    3.59    0.26    2.70    2.36    4.57    2.80   -1.61    3.11    3.21    2.22    2.13    2.53    4.99    4.29    1.90    4.43
200201   -4.86   -1.33   -0.11   -1.28   -1.70   -0.01   -0.45   -0.18   -1.55   -2.48   -0.56    0.07   -0.08   -1.43    0.23    1.09   -1.06   -3.20    1.35
200202   -8.98   -2.31   -0.79   -1.53   -2.60   -1.66    0.78   -0.90   -2.75   -3.34   -1.54   -1.21   -2.09    1.68    0.17   -1.49   -0.48   -4.89    0.88
200203    7.74    3.33    5.49    5.54    2.79    5.66    4.90    4.46    7.99    2.61    3.04    5.34    5.97    5.81    4.28    5.86    3.50    7.09    9.45
200204   -8.95   -6.07   -3.16   -4.13   -6.75   -4.23   -2.02   -3.65   -2.25   -7.22   -6.09   -3.59   -4.85   -1.59   -2.33   -0.61   -5.77   -4.11    0.71
200205   -5.72   -1.53   -0.30   -0.03   -1.98   -0.71    1.07    0.07   -1.00   -1.95   -2.03    0.10   -1.49   -1.55    2.92   -0.98    0.84   -0.46   -1.81
200206   -9.93   -6.87   -7.41   -5.95   -6.69   -7.77   -7.64   -4.28   -7.51   -7.24   -5.93   -7.48   -8.05   -6.09   -8.68   -3.89   -4.57   -8.57   -5.91
200207  -13.65   -6.48   -8.68  -10.07   -7.95   -4.58   -8.91   -7.66  -11.40   -8.85   -7.17   -2.14   -9.35   -7.45  -10.57   -6.83   -8.59  -11.82  -10.73
200208    0.13    0.75    0.92   -0.21    0.95    0.85    0.29   -0.61    2.30    1.56    0.43    0.21    2.18    0.81   -0.31    1.40   -2.92    2.23    2.43
200209  -13.78   -9.94  -10.25   -9.05   -9.43  -10.53  -10.12  -11.49   -8.25   -9.26   -9.57  -11.37   -8.80   -9.91  -10.37  -12.78   -9.94  -10.22   -5.32
200210    8.74    9.34    6.44    5.40   10.23    7.75    6.42    4.90    2.57   11.20    9.40    6.80    9.65    8.10    4.43    1.75    8.56    4.51   -0.20
200211   18.76    5.74    3.84    5.11    6.22    4.30    4.50    2.71    5.22    8.40    4.34    4.32    4.25    5.32    3.49    0.63    5.00    5.99    4.06
200212  -11.79   -7.14   -2.85   -0.81   -7.50   -6.01   -2.40   -0.46   -0.35   -8.09   -6.97   -6.08   -5.86   -3.37   -1.17    0.34   -1.30   -1.42    1.28
200301   -2.00   -2.45   -2.65   -4.53   -2.70   -2.29   -2.10   -4.33   -4.01   -2.64   -2.75   -1.71   -3.41   -1.07   -3.35   -3.61   -5.09   -3.62   -4.59
200302   -3.15   -1.11   -2.56   -3.61   -1.20   -1.58   -2.31   -4.34   -1.38   -1.48   -0.94   -0.84   -3.03   -3.13   -1.30   -2.76   -6.07   -1.87   -0.66
200303    0.12    1.70    0.54    0.75    1.42    2.00    1.31   -1.92    1.93    0.85    1.91    2.54    0.90    1.46    1.14   -3.07   -0.62    3.08    0.23
200304   11.43    8.62    7.23    7.54    8.64    9.06    6.23    7.68    6.49   10.43    7.14    8.56   10.08    7.28    4.96    6.68    8.78    7.65    4.70
200305   14.40    4.83    6.30    8.13    5.19    4.41    5.36    9.73    8.24    7.20    3.45    3.82    5.63    4.11    6.90   11.31    8.02    8.04    8.55
200306    2.38    1.20    1.83    0.59    1.62    0.81    1.26    2.05    0.36    2.11    1.17    0.01    2.41    2.62   -0.36    3.12    0.86   -0.84    2.27
200307    4.27    2.54    3.37   -2.08    3.24    2.56    2.87   -0.87   -1.68    5.91    0.09    0.54    4.65    2.90    2.78    1.05   -2.85   -2.74    0.68
200308    5.72    1.54    2.71    3.01    1.69    2.15    2.14    2.77    3.33    1.88    1.44    1.11    3.19    1.90    2.74    3.13    2.38    2.46    5.20
200309   -1.91   -1.27   -0.90   -0.73   -1.70   -0.58   -0.82   -1.58    0.36   -1.56   -1.88    0.00   -1.15   -0.41   -1.85   -0.39   -2.86    0.45    0.15
200310    7.24    5.72    6.01    7.31    6.01    5.90    5.09    6.50    7.61    5.91    6.13    4.89    6.90    4.19    7.39    6.33    6.68    7.79    7.24
200311    2.34    0.86    1.55    2.89    0.79    1.53    1.42    1.44    3.17   -0.22    2.06    1.09    1.96    0.83    2.87    0.65    2.33    3.00    3.53
200312    4.18    4.39    4.19    5.05    4.18    4.17    5.20    3.50    5.70    3.66    4.84    4.97    3.40    5.77    3.82    3.30    3.71    6.32    4.38
200401    8.27    1.75    1.44    1.42    2.01    0.99    1.98    1.89    0.76    3.04    0.74    1.00    0.99    2.38    1.00    1.04    2.82    0.61    1.08
200402   -0.40    1.28    1.97    2.03    1.11    2.04    1.49    3.05    1.24    0.98    1.28    1.76    2.32    0.74    3.38    2.49    3.65    1.16    1.40
200403   -3.10   -1.18   -1.08   -0.46   -1.30   -0.93   -1.54   -0.42    0.00   -0.93   -1.77   -0.80   -1.06   -1.89   -0.70    0.50   -1.41   -0.19    0.43
200404   -4.80   -0.93   -2.25   -1.40   -1.25   -1.55   -1.83   -1.02   -1.70   -2.19   -0.06    0.01   -3.02   -2.34   -0.58   -1.24   -0.79   -0.91   -3.37
200405    2.35    1.27    1.95   -1.84    1.54    1.03    2.80    0.01   -2.66    1.90    1.09    0.48    1.58    3.52    1.09    0.19   -0.20   -3.25   -1.37
200406    1.73    1.32    1.90    4.43    1.11    1.49    2.28    3.56    4.75    1.81    0.23    1.94    1.05    1.95    3.06    3.33    3.81    4.46    5.36
200407  -10.12   -5.85   -2.81    0.22   -6.15   -3.78   -3.21   -0.83   -0.03   -8.00   -4.05   -5.13   -2.23   -3.50   -2.53   -2.52    0.53   -0.67    0.81
200408   -3.15   -0.66    1.23    0.62   -1.16    0.39    1.27    1.80    0.31   -1.44   -0.86    0.51    0.26    1.50    0.73    2.82    0.99    1.73   -1.53
200409    4.14    1.55    0.54    3.68    2.05    0.95    0.20    1.33    4.70    2.32    1.75    0.40    1.55   -1.06    3.22   -0.09    2.46    4.00    5.63
200410    1.88    2.32    0.70    1.41    2.06    1.28    0.95    1.90    1.06    1.58    2.59    2.92   -0.50    0.55    1.91    1.99    1.83    2.26   -0.51
200411    8.90    3.41    4.56    6.46    3.63    4.09    4.15    5.89    5.97    3.87    3.36    2.91    5.44    3.42    5.86    4.41    7.05    5.00    7.29
200412    4.94    3.64    4.08    2.00    3.68    3.55    4.52    2.86    1.74    3.87    3.47    3.55    3.55    4.74    4.02    3.57    2.31    2.43    0.82
200501   -6.89   -3.47   -1.72   -0.88   -4.08   -1.83   -1.81   -1.76   -0.09   -6.48   -1.45   -2.05   -1.59   -1.82   -1.79   -1.66   -1.84   -0.06   -0.12
200502   -0.15    1.02    0.87    7.71    0.64    1.56    0.67    5.59    6.53    1.26   -0.01    1.90    1.16    0.65    0.70    1.04    9.15    5.47    7.96
200503   -4.68   -1.53   -1.47   -1.75   -1.82   -1.33   -1.11   -2.49   -0.79   -2.03   -1.60   -0.88   -1.85   -1.37   -0.52   -1.98   -2.86   -0.51   -1.16
200504   -4.54   -1.66   -2.61   -2.71   -1.78   -2.27   -2.80   -1.90   -2.74   -2.05   -1.50   -1.38   -3.30   -2.53   -3.42   -0.85   -2.67   -2.92   -2.50
200505    6.41    4.63    3.04    2.98    5.16    3.37    2.44    3.25    3.59    6.41    3.86    3.47    3.26    1.57    4.47    4.58    2.25    3.91    3.16
200506    2.43   -0.91    0.86    3.20   -0.77   -0.36    0.56    1.59    4.86   -1.71    0.24   -1.23    0.67    0.24    1.30    2.08    1.22    4.11    5.86
200507    6.13    4.49    3.40    4.44    5.29    3.16    3.07    3.99    4.93    5.87    4.50    2.97    3.41    1.96    4.07    4.42    3.61    4.38    5.48
200508   -0.41   -1.34   -1.21    0.38   -0.78   -2.04   -1.26   -0.62    1.02   -0.29   -1.47   -2.42   -1.51   -1.83   -0.75   -0.57   -0.67   -0.96    2.95
200509   -0.08   -0.14    0.30    3.83   -0.29    0.19    0.08    2.62    3.75   -0.08   -0.59    0.15    0.24    0.81   -0.57    1.09    3.97    2.38    5.03
200510   -4.66   -0.16   -1.03   -5.46   -0.43    0.42   -1.90   -3.08   -5.66   -0.63   -0.14    0.37    0.49   -2.64   -1.24   -0.71   -5.11   -3.27   -7.84
200511    3.00    4.26    4.15    2.90    4.86    3.34    4.71    3.73    2.07    5.38    4.12    3.05    3.74    3.34    5.92    3.10    4.29    3.39    0.79
200512    1.37   -0.47    0.51    0.07   -0.12   -0.34    0.24    0.30    0.27   -0.03   -0.26   -1.17    0.77    2.09   -1.36    0.92   -0.26    0.00    0.53
200601    7.05    2.67    1.62    7.21    2.87    2.11    1.18    4.96    7.26    3.53    1.91    2.28    1.87    2.83   -0.25    2.56    7.13    5.28    9.17
200602    0.64   -0.03    1.09   -1.81   -0.55    1.22    1.03   -0.47   -1.99   -0.97    0.06    1.06    1.43    1.36    0.73    0.75   -1.53    0.58   -4.36
200603    3.48    2.05    1.09    2.28    1.98    1.97    0.92    0.94    2.96    1.46    2.73    2.19    1.68    0.51    1.28    0.65    1.20    2.03    3.86
200604    0.33   -0.44    2.20    2.40   -0.62    1.33    1.95    1.94    2.35   -1.27    0.30   -0.09    3.21    1.99    1.91    1.31    2.49    1.72    2.97
200605   -5.43   -3.02   -2.66   -3.09   -4.17   -1.66   -2.97   -2.24   -3.22   -5.25   -2.71   -0.77   -2.81   -3.11   -2.84   -1.48   -2.89   -2.58   -3.83
200606   -0.11   -0.43   -0.33    2.02   -0.50   -0.65   -0.22    0.61    2.92    0.27   -1.52   -0.30   -1.10   -0.02   -0.40    0.63    0.59    2.74    3.09
200607   -4.36   -2.03    0.40    1.68   -2.18   -0.09   -0.44    1.11    2.20   -4.29   -0.45   -1.68    1.29   -0.86   -0.01    1.50    0.67    2.75    1.62
200608    3.69    3.86    2.44   -0.11    4.40    3.23    2.22    1.22   -0.83    3.52    5.09    2.70    3.67    2.30    2.14    1.14    1.32   -0.09   -1.64
200609   -0.11    2.46    3.01    0.67    2.33    3.00    2.65    3.15   -0.28    2.72    2.03    2.74    3.22    2.55    2.76    3.73    2.49   -0.07   -0.50
200610    5.39    3.39    3.10    4.74    3.84    1.94    3.65    4.30    4.76    4.72    3.16    2.37    1.58    3.31    3.98    3.96    4.70    5.17    4.30
200611    3.01    1.77    1.42    3.92    2.26    1.55    0.74    1.40    5.65    2.61    1.98    0.69    2.27    0.86    0.62    2.03    0.68    5.68    5.63
200612    0.06    0.66    2.02    0.71   -0.11    2.05    2.43    1.38    0.35   -0.98    0.57    2.44    1.72    2.23    2.62    1.34    1.43    0.03    0.71
200701    3.96    2.12    1.80    1.04    2.55    1.82    1.56    1.65    0.73    2.99    2.21    1.16    2.37    1.83    1.30    1.60    1.72   -0.24    1.83
200702   -0.98   -1.99   -1.70   -0.87   -2.13   -1.76   -1.75   -0.57   -1.47   -1.79   -2.40   -1.66   -1.85   -0.91   -2.57   -1.32    0.40   -1.05   -1.92
200703   -0.58    0.93    0.64    2.68    1.04    0.57    0.42    1.37    3.42    1.36    0.79    0.68    0.48    0.34    0.51    1.55    1.15    3.18    3.68
200704    2.73    4.30    3.85    4.45    4.53    4.16    3.73    3.90    4.30    4.80    4.31    3.79    4.46    3.67    3.78    3.22    4.77    4.69    3.89
200705    2.18    3.42    2.96    5.31    3.60    2.64    3.11    3.67    6.03    3.66    3.55    3.00    2.34    3.41    2.80    3.55    3.81    4.64    7.55
200706   -1.01   -1.28   -1.95   -1.49   -1.65   -1.41   -1.54   -2.78   -0.86   -1.46   -1.80   -0.45   -2.21   -1.15   -1.94   -2.73   -2.84   -0.90   -0.83
200707   -5.90   -2.05   -4.10   -3.27   -1.74   -3.12   -3.78   -5.15   -2.62   -0.41   -2.87   -2.93   -3.29   -3.29   -4.38   -5.81   -4.48   -2.96   -2.19
200708   -0.20    1.97    2.39   -0.62    2.04    2.00    2.58    0.81   -0.67    2.69    1.46    1.80    2.18    2.29    2.93    2.12   -0.52   -0.40   -1.01
200709    5.17    4.53    1.85    4.89    5.38    2.29    1.49    3.03    5.37    6.11    4.73    2.04    2.50    2.03    0.83    2.14    3.97    4.49    6.49
200710    3.72    4.40    0.40    1.66    5.08    1.61    0.48    0.67    1.61    5.64    4.57    2.34    0.96    1.40   -0.66   -0.39    1.75    0.70    2.77
200711   -8.00   -4.84   -3.34   -5.22   -4.61   -3.37   -3.19   -5.61   -5.13   -6.22   -3.12   -5.54   -1.45   -1.67   -5.10   -5.84   -5.39   -3.96   -6.60
200712   -0.74   -0.94   -2.08    2.33   -0.60   -1.81   -2.15   -1.09    3.45   -1.11   -0.15   -1.98   -1.67   -1.95   -2.40   -2.36    0.16    1.90    5.46
200801   -5.97   -8.72   -3.38   -6.64   -9.23   -5.78   -3.10   -3.70   -7.63  -11.72   -7.03   -7.08   -4.69   -2.42   -3.97   -2.68   -4.67   -5.99   -9.68
200802   -1.71   -3.93   -4.39    0.38   -3.99   -3.04   -3.72   -6.04    2.46   -3.85   -4.12   -3.71   -2.50   -3.38   -4.16   -8.49   -3.67   -0.77    6.65
200803   -2.66   -0.01   -0.70   -1.04    0.79   -1.58   -0.56   -0.29   -1.71    1.26    0.40   -2.53   -0.82    0.11   -1.45   -0.98    0.34   -0.69   -2.95
200804    5.34    4.17    3.10    7.45    4.17    3.68    2.22    5.09    8.85    6.80    1.92    4.19    3.27   -0.15    5.40    5.59    4.63    7.88   10.04
200805    1.36    3.35   -0.15    3.69    3.62    2.27    0.19   -0.35    4.05    4.28    3.04    2.46    2.12    0.47   -0.17   -3.91    2.93    1.94    6.61
200806   -7.69   -8.78  -10.54   -4.64   -8.42   -9.18   -9.77  -11.92   -2.66  -10.20   -6.82   -9.98   -8.54   -8.88  -10.91  -15.46   -8.88   -5.26    0.35
200807   -0.30    0.58    0.36   -4.78   -0.59    1.75    3.34   -3.02   -7.79   -2.26    0.86    2.89    0.00    0.76    5.83   -4.78   -0.80   -7.41   -8.65
200808   -0.10    1.50    1.59    1.85    1.12    2.42    1.65    0.98    2.11    0.08    1.99    2.23    2.74    1.55    1.75    0.53    1.53    1.54    3.38
200809  -11.08  -10.27   -7.65   -8.64  -12.13   -7.47   -6.90   -7.44  -10.56  -17.70   -7.54   -6.79   -8.54   -9.71   -4.32   -8.41   -6.24  -10.33  -11.07
200810  -29.90  -15.94  -16.17  -18.27  -17.15  -14.65  -16.59  -15.46  -20.60  -17.16  -17.15  -13.78  -16.06  -18.38  -15.03  -15.41  -15.51  -20.04  -21.83
200811  -17.47   -7.84   -7.86   -5.31   -8.87   -7.69   -9.36   -4.02   -5.28  -12.54   -6.18   -6.10  -10.35   -9.67   -9.11   -2.91   -5.34   -3.61   -9.04
200812    0.22    1.74    2.05    1.67    2.21    2.11    1.24    2.06    1.25    2.38    2.09    0.98    4.09    1.33    1.17    1.98    2.14    0.36    3.41
200901   -6.30   -5.67   -9.40  -10.18   -5.36   -6.67  -13.72   -7.15   -8.47   -2.82   -7.08   -6.19   -7.48  -10.71  -16.12   -3.18  -12.07   -8.38   -8.67
200902  -12.51   -7.68  -11.10  -12.10   -5.78  -10.89  -12.70   -9.59  -13.22   -5.51   -5.97  -10.91  -10.86  -14.90  -10.83   -8.72  -10.79  -12.39  -15.22
200903   15.90    8.85    8.32    9.04   10.67    7.10    9.97    6.53    9.34    9.74   11.39    5.72    9.45    9.56   10.30    4.99    8.71    9.73    8.35
200904   13.41    8.22   10.61   12.22    9.17    8.72   12.70    8.35   12.85   11.06    7.72    6.53   12.33   15.06   10.76    6.03   11.51   11.40   16.43
200905    7.42    5.57    4.39    4.41    5.48    4.69    5.00    3.83    5.60    6.26    4.86    5.73    3.08    3.89    5.95    4.43    3.06    5.33    6.24
200906    1.91    1.66   -0.01   -1.39    2.02    0.80   -0.04   -0.45   -2.13    0.52    3.23    0.98    0.51   -0.22    0.11   -0.39   -0.54   -1.47   -3.66
200907   10.29    6.43    8.10    8.50    6.54    7.23    8.52    7.41    8.33    5.43    7.49    6.20    8.90    7.67    9.67    6.55    8.71    8.19    8.61
200908    8.21    2.73    3.30    1.72    3.09    1.86    4.05    2.55    1.86    3.26    2.96    2.02    1.61    4.33    3.69    3.21    1.56    0.87    3.85
200909    5.35    3.64    3.68    5.66    4.28    2.78    4.48    2.62    7.71    4.50    4.10    2.37    3.42    5.00    3.80    2.23    3.21    6.52   10.02
200910   -6.72   -2.11   -1.86   -1.61   -2.59   -1.70   -2.49   -0.87   -1.06   -3.34   -1.96   -1.14   -2.59   -1.98   -3.13    0.08   -2.29    0.33   -3.67
200911    5.29    5.58    6.07    4.80    4.96    5.53    7.07    6.14    3.80    3.42    6.24    6.83    3.48    6.60    7.67    6.21    6.03    3.96    3.47
200912    5.06    2.10    2.18    5.05    2.44    1.98    3.09    1.61    5.52    1.79    2.97    1.40    2.91    2.14    4.28   -0.27    4.48    4.25    8.22
201001   -2.95   -2.54   -3.82   -5.05   -3.31   -1.78   -4.16   -4.65   -4.30   -1.52   -4.73   -0.97   -3.06   -3.24   -5.30   -3.75   -5.97   -4.54   -3.79
201002    4.76    2.66    3.81    3.61    2.85    2.79    3.88    3.40    4.34    2.82    2.87    2.30    3.59    3.00    5.05    3.86    2.70    3.39    6.31
201003    8.64    5.87    5.87    6.41    6.69    4.83    6.41    5.52    6.25    6.36    6.96    4.22    5.81    5.92    7.05    4.80    6.61    5.76    7.25
201004    5.36   -0.10    2.54    3.33    0.34    0.39    2.60    2.37    4.09   -0.18    0.78   -1.02    2.61    2.41    2.84    2.37    2.38    4.17    3.94
201005   -8.58   -7.06   -7.93   -8.94   -7.58   -6.40   -8.53   -7.50  -10.00   -8.11   -7.15   -5.98   -7.03   -9.38   -7.44   -7.43   -7.60  -10.12   -9.76
201006   -8.08   -4.06   -5.86   -6.61   -4.65   -3.36   -7.04   -4.46   -8.90   -4.45   -4.82   -2.84   -4.17   -7.76   -6.13   -4.86   -3.87   -6.79  -12.95
201007    7.20    7.06    6.30    8.38    6.80    7.77    5.63    8.04    6.95    8.27    6.01    7.59    7.93    5.17    6.13    6.06   10.08    6.15    8.67
201008   -7.72   -5.55   -4.29   -3.01   -5.47   -5.76   -3.95   -3.00   -3.12   -2.80   -6.93   -5.72   -5.79   -3.40   -4.55   -3.14   -2.87   -1.99   -5.50
201009   11.80   11.64    8.15    8.42   12.22    9.61    7.66    9.21    7.18   12.26   12.19   10.47    8.90    8.11    7.16    8.58    9.83    7.01    7.54
201010    3.82    4.34    3.55    3.74    4.11    3.59    3.61    4.64    3.12    3.58    4.41    4.81    2.56    3.31    3.94    4.85    4.43    2.25    4.99
201011    2.23    0.73    0.48   -0.19    0.93   -0.06    1.25    0.02   -0.99    2.41    0.09    0.32   -0.39    0.04    2.57   -0.68    0.70   -1.63    0.37
201012   10.54    7.50    5.47    6.68    7.26    7.86    4.59    6.33    5.78    6.97    7.42    7.99    7.75    3.63    5.62    4.96    7.65    5.75    5.84
201101    2.36    2.12    2.22    1.40    2.21    2.29    1.86    2.60    0.49    2.59    2.00    1.94    2.59   -0.01    3.82    2.84    2.37   -1.29    4.21
201102    4.37    3.35    3.39    3.93    3.40    3.28    3.16    4.24    3.67    4.80    2.59    3.25    3.31    3.67    2.64    4.28    4.20    3.16    4.69
201103   -0.45    0.61   -0.13    2.49    0.23    0.05   -0.01    2.12    1.80    1.23   -0.36    1.40   -1.11    0.31   -0.35    0.98    3.20    2.17    1.08
201104    2.12    2.62    3.50    2.77    1.89    2.97    4.10    2.88    3.59    2.84    1.33    4.13    1.96    5.79    2.36    3.90    1.93    3.13    4.53
201105   -2.93   -1.26   -1.14   -0.62   -1.42   -1.79   -0.63   -0.99    0.00   -0.93   -1.72   -0.92   -2.56    0.84   -2.18   -0.72   -1.24    0.26   -0.54
201106   -3.79   -2.19   -1.27   -0.79   -2.52   -1.22   -1.72   -0.39   -1.11   -2.05   -2.81   -1.52   -0.94   -1.77   -1.66   -0.32   -0.46   -1.52   -0.29
201107   -5.38   -1.87   -1.83   -3.15   -3.55   -0.49   -2.22   -2.10   -3.27   -3.51   -3.59    0.70   -1.55   -2.35   -2.10   -1.43   -2.97   -4.08   -2.41
201108  -13.07   -6.31   -4.99   -6.28   -6.91   -5.48   -4.53   -5.58   -6.52   -7.82   -6.23   -5.42   -5.53   -5.84   -3.38   -5.31   -5.93   -7.36   -5.66
201109  -13.86   -7.54   -7.46   -6.67   -8.33   -7.42   -6.67   -7.33   -6.85   -7.85   -8.67   -6.42   -8.34   -7.29   -6.14   -8.03   -6.39   -7.00   -6.70
201110   12.29   11.98   11.13   10.88   12.70   11.65   10.05   11.13   11.50   10.79   14.12   10.96   12.29   11.10    9.17   12.00    9.98   13.32    9.66
201111   -3.13   -1.53    0.41    0.34   -1.46   -0.97    0.68    1.16   -0.70   -1.82   -1.21   -1.62   -0.37    1.63   -0.13    0.62    1.88   -0.62   -0.79
201112    0.32   -1.24    1.45    1.59   -2.74    0.80    2.07    1.50    1.20   -2.85   -2.66    0.91    0.70    1.69    2.40    1.02    2.15    0.23    2.21
201201   11.25    8.38    4.33    2.05    8.14    5.95    4.04    3.95    2.26    8.54    7.85    8.70    3.42    3.36    4.62    5.62    1.76    4.73   -0.26
201202    6.80    5.78    3.55    4.13    3.76    6.42    4.07    2.01    5.59    4.57    3.18    8.54    4.36    4.52    3.70    1.98    2.04    5.14    6.08
201203    6.26    4.32    3.06    1.35    3.50    3.82    3.42    2.42    1.27    4.83    2.54    5.39    2.25    4.09    2.85    3.13    1.46    1.41    1.13
201204   -2.91   -0.84   -0.80   -0.37   -0.88   -1.28   -0.06   -0.73   -0.60   -1.44   -0.46   -0.80   -1.78    0.36   -0.42   -1.24   -0.03   -1.12   -0.04
201205   -7.31   -6.92   -5.83   -5.63   -8.41   -6.04   -5.05   -5.93   -5.57  -10.06   -7.21   -4.98   -7.14   -5.59   -4.57   -6.09   -5.71   -6.31   -4.82
201206    6.14    3.24    3.79    4.57    4.27    1.39    4.67    4.70    4.48    3.41    4.87    1.95    0.80    4.02    5.24    4.69    4.70    3.76    5.21
201207   -1.72    0.10    1.45    0.58   -0.90    2.39    1.44    0.41   -0.19   -3.14    0.60    1.87    2.71    0.44    2.46   -0.66    1.69   -0.26   -0.06
201208    4.30    2.97    2.18    2.79    3.03    3.39    1.30    1.73    3.48    4.37    2.18    2.87    3.70    1.69    0.90    1.65    1.81    2.71    4.92
201209    3.20    2.90    2.45    2.88    2.79    2.63    3.35    1.62    2.79    3.69    2.20    3.10    2.35    4.06    2.62    0.43    3.00    2.85    2.70
201210   -2.00   -2.53   -2.01    0.16   -2.42   -3.14   -1.44    0.12   -0.59   -3.43   -1.76   -2.70   -3.40   -2.13   -0.74   -0.87    1.23   -1.55    1.17
201211    2.33    2.22    0.68   -1.55    2.39    1.43    1.06   -1.58   -1.11    2.38    2.39    1.92    1.14    1.36    0.76   -1.07   -2.16   -1.71   -0.03
201212    3.39    1.12    0.41    2.90    1.83   -0.90    1.00    2.05    3.57    3.75    0.58   -0.12   -1.37    1.28    0.72    2.13    1.96    3.68    3.38
201301    7.36    5.84    4.82    6.52    5.62    3.91    6.49    5.67    6.35    4.43    6.42    6.23    2.48    6.89    6.09    4.71    6.75    5.54    7.79
201302    0.08    1.23    1.55    1.03    0.61    1.48    2.01    1.11    1.20   -0.60    1.41    2.31    0.94    2.14    1.87    1.41    0.78    2.43   -0.93
201303    5.87    4.28    3.88    3.79    4.52    3.34    4.13    4.00    4.23    3.92    4.91    3.88    2.99    4.02    4.23    4.77    3.16    3.79    5.02
201304    3.48    1.19    1.74    1.54    0.54    1.79    0.85    3.20    1.43    0.03    0.87    2.32    1.44    0.40    1.31    4.53    1.71    1.98    0.45
201305    7.09    2.09    2.40    4.13    2.18    2.70    1.33    3.04    5.45    2.99    1.66    1.93    3.21    1.26    1.39    3.74    2.23    4.37    7.35
201306   -1.00   -0.76   -1.51   -1.39   -0.85   -1.87   -1.26   -0.64   -1.54   -1.69   -0.30   -0.60   -2.69   -1.26   -1.27   -0.20   -1.16   -1.51   -1.60
201307    8.83    5.83    5.23    5.48    6.95    4.62    5.44    5.80    4.78    7.45    6.61    4.11    5.03    6.80    4.73    4.94    6.78    4.84    4.72