Month     Less0   Lo30  Med40   Hi30   Lo20   Qnt2   Qnt3   Qnt4   Hi20   Lo10   Dec2   Dec3   Dec4   Dec5   Dec6   Dec7   Dec8   Dec9   Hi10
196107    9.93    3.05    3.40    1.15    1.65    4.70    3.61    1.12    1.77    1.76    1.27    5.09    3.53    3.47    3.73    1.94    0.52    1.01    2.51
196108   10.03    3.16    1.87    2.07    4.16    2.20    1.11    1.50    2.54    4.35    3.52    1.78    3.47    1.99    0.37    1.41    1.57    0.00    5.00
196109   -3.36   -1.19   -3.09   -3.68   -0.89   -1.90   -3.43   -4.11   -2.09   -0.68   -1.60   -1.62   -2.72   -2.95   -3.84   -2.40   -5.36   -4.59    0.21
196110   -1.58    2.27    3.91    2.54    3.39    1.59    3.95    3.32    1.00    3.24    3.89    0.65    4.44    2.54    5.19    2.14    4.20    1.37    0.68
196111   12.54    4.90    4.20    4.35    3.56    6.37    4.16    3.81    3.99    3.13    5.02    6.90    4.82    3.95    4.34    2.57    4.72    4.47    3.57
196112  -11.49   -0.23    0.33    1.49   -1.73    0.78    1.90    2.17   -0.13   -1.30   -3.15    1.93   -2.63    1.30    2.40    0.75    3.20    0.76   -0.93
196201   -1.62   -4.99   -1.81    0.74   -5.79   -3.70   -1.37   -0.18    1.57   -6.57   -3.09   -3.87   -3.16   -3.73    0.60   -0.28   -0.11    0.93    2.15
196202   -5.61    1.84    2.27    2.35    1.67    1.99    2.71    2.37    1.56    1.33    2.82    2.06    1.77    2.32    3.02    1.26    3.16    3.26    0.02
196203   -5.63   -0.34   -0.38   -1.85    0.16   -0.77   -0.50   -1.07   -2.39    0.15    0.19   -1.01   -0.03   -0.09   -0.83   -0.72   -1.30   -0.51   -4.14
196204  -11.19   -6.63   -5.76   -6.27   -7.80   -5.13   -5.88   -6.26   -5.96   -8.44   -5.70   -5.01   -5.52   -6.95   -5.02   -5.80   -6.58   -6.86   -5.09
196205    4.20   -9.11   -7.12   -6.86  -10.65   -7.52   -6.10   -6.64   -7.64  -11.00   -9.51   -7.05   -8.96   -7.74   -4.81   -7.46   -6.06   -8.08   -7.21
196206  -16.26   -9.04   -6.95   -6.72  -10.49   -7.43   -6.48   -6.13   -7.23  -11.12   -8.51   -7.17   -8.23   -7.54   -5.66   -6.02   -6.21   -7.41   -7.07
196207   11.17    8.08    5.26    4.14    8.56    6.46    4.81    3.13    4.28   10.62    5.35    6.54    6.41    5.76    4.21    2.46    3.92    3.06    5.72
196208    7.42    2.78    1.74    2.46    2.84    2.39    1.38    1.67    2.55    2.80    2.90    2.58    2.27    1.01    1.62    1.12    2.31    1.57    3.68
196209   -4.10   -5.11   -4.74   -4.76   -5.41   -4.61   -4.28   -5.35   -4.91   -7.04   -2.76   -4.11   -4.94   -4.62   -4.06   -6.08   -4.53   -3.57   -6.41
196210   -4.27    0.47    0.53   -0.14    0.67    0.56    0.22   -0.51    0.14    0.01    1.71   -0.20    1.07    0.39    0.11   -0.44   -0.59   -0.88    1.33
196211   13.39   11.38   10.13   13.96   11.48    9.51   11.30   12.18   14.92   13.23    8.79   11.05    8.47    9.96   12.14   11.98   12.41   14.15   15.79
196212    5.95    1.42    1.68    0.24    1.11    2.29    1.94   -0.81    0.10    0.97    1.35    2.44    2.20    1.45    2.25   -1.96    0.45    0.72   -0.59
196301    3.00    5.00    4.47    7.73    5.33    4.24    3.98    7.70    7.38    4.48    6.68    3.95    4.45    3.79    4.09    7.13    8.32    7.26    7.51
196302    1.82   -2.79   -1.80   -0.78   -3.28   -1.59   -1.81   -1.43   -0.38   -3.67   -2.67   -1.16   -1.87   -1.99   -1.70   -1.42   -1.43   -0.16   -0.64
196303    1.80    3.35    3.24    4.66    3.46    2.65    4.05    4.13    4.28    2.52    4.91    3.02    2.40    3.50    4.39    3.05    5.29    4.23    4.34
196304    9.54    4.91    4.48    5.59    4.76    4.07    5.55    4.53    6.58    5.23    4.05    5.41    3.15    4.86    5.97    5.07    3.97    5.81    7.45
196305    0.32    2.31    1.21    4.01    3.04   -0.07    1.85    3.29    4.66    2.40    4.04   -0.07   -0.06    2.97    1.18    3.66    2.91    2.33    7.28
196306   -0.65   -2.32   -1.47   -0.68   -3.00   -0.99   -1.10   -2.30    0.09   -3.19   -2.71   -0.05   -1.65   -1.78   -0.69   -2.57   -2.00    0.43   -0.27
196307    2.93   -0.05    0.36   -1.50    0.00    0.19    0.13   -0.89   -1.33   -0.69    0.88   -0.17    0.73    0.49   -0.41   -0.13   -1.74   -0.45   -3.34
196308    6.13    5.38    4.67    7.04    5.73    4.28    5.05    7.19    6.07    5.95    5.45    4.60    3.79    4.80    5.44    6.16    8.34    5.41    7.62
196309   -4.46   -1.10   -1.63   -1.84   -1.57   -0.91   -1.19   -0.69   -2.94   -1.05   -2.23   -0.03   -2.26   -1.36   -0.93   -0.98   -0.38   -3.00   -2.82
196310    6.05    3.80    1.30    2.21    4.77    1.63    0.77    2.62    1.07    3.56    6.33    1.64    1.62    0.31    1.47    1.66    3.68    1.27    0.62
196311   -4.37   -0.31   -1.41    0.36   -1.30    0.66   -1.20   -1.34    1.09    0.01   -2.93    1.96   -1.35   -1.89   -0.17   -2.07   -0.56    1.20    0.82
196312   -3.14    2.02    2.83    1.59    2.32    2.12    1.91    2.15    2.32    2.50    2.08    1.35    3.35    2.69    0.77    3.56    0.64    1.80    3.53
196401    7.78    2.64    2.68    2.96    2.75    2.93    1.85    2.55    2.49    3.32    2.02    2.39    3.79    2.18    1.36    1.63    3.57    2.34    2.85
196402    1.47    1.42    1.72    4.43    1.86    0.67    1.70    4.08    4.35    2.21    1.38    0.45    1.02    1.86    1.47    3.65    4.54    3.62    6.00
196403    7.31    0.91    3.11    3.46    1.18    0.99    4.21    4.68    1.54    1.20    1.15    0.32    2.03    4.33    4.03    3.50    5.93    1.20    2.27
196404    7.08    0.38    0.95   -0.84   -0.04    1.29    0.86   -1.17    0.79   -1.62    2.07    1.35    1.21    0.60    1.26    0.45   -2.84    1.18   -0.06
196405    2.19    1.52    1.17    3.68    1.95    0.53    1.20    3.46    3.35    2.15    1.70    0.55    0.51    1.46    0.81    2.85    4.11    2.97    4.17
196406   -6.83    1.67    1.29    2.35    0.98    2.71    0.71    1.67    2.31    0.63    1.44    3.23    1.91    0.57    0.92    0.98    2.40    1.90    3.22
196407   -7.17    1.90    2.35    2.31    2.47    1.04    3.38    2.02    1.87    2.18    3.23    0.45    1.77    2.18    4.57    1.34    2.77    1.41    2.73
196408   -8.62   -1.23   -0.82   -1.28   -1.29   -1.37    0.13   -0.60   -2.21   -1.33   -1.18   -1.09   -1.71    0.99   -0.71   -0.86   -0.32   -1.93   -2.73
196409    6.32    2.37    3.51    5.12    3.09    1.45    4.28    4.31    5.41    3.39    2.33    0.48    2.66    4.51    4.05    3.82    4.83    4.88    6.42
196410   -3.93    0.31    1.75    1.52    0.42    1.13    0.74    1.04    3.33   -0.42    2.63   -0.01    2.51    0.61    0.87    2.32   -0.33    2.92    4.08
196411   -4.67    0.48    0.86   -2.88    1.01   -0.08    0.88   -0.99   -3.08    0.55    2.19   -0.95    0.96    1.24    0.52    0.55   -2.67   -3.09   -3.05
196412  -12.01    1.11   -0.33   -1.93    0.81    1.14   -1.00   -1.31   -1.28    1.40   -0.66    1.92    0.23    0.35   -2.35   -0.15   -2.61   -0.88   -2.01
196501   18.00    4.02    3.05    5.04    4.88    1.79    3.82    4.33    5.44    5.84    2.46    1.67    1.92    3.16    4.51    4.09    4.61    4.68    6.86
196502   13.70    0.65    0.31    1.14    0.37    0.42    1.40    0.85    0.93    0.49    0.05    1.43   -0.77    1.62    1.18    0.40    1.36   -0.37    3.34
196503   -2.44   -1.11   -1.45    0.63   -1.21   -1.45   -1.14   -0.02    0.94   -1.06   -1.62   -0.81   -2.21   -1.35   -0.92   -0.30    0.30    0.36    1.98
196504   15.16    3.80    2.62    3.40    4.38    2.08    2.98    2.88    4.53    5.31    1.93    2.20    1.94    2.16    3.80    3.48    2.19    5.59    2.66
196505    2.00   -0.27   -0.01   -2.04   -0.72    0.75   -0.53   -0.56   -2.60   -0.81   -0.46    1.01    0.42   -0.98   -0.08    0.19   -1.43   -2.63   -2.54
196506   -2.27   -4.70   -5.23   -5.62   -4.71   -4.24   -6.17   -5.44   -7.18   -5.20   -3.37   -4.68   -3.70   -6.80   -5.54   -6.73   -3.92   -6.70   -8.06
196507    6.22    1.36    1.71    4.16    1.61    0.52    2.30    3.56    5.04    1.97    0.78    0.45    0.56    1.96    2.66    4.35    2.26    4.23    6.56
196508   27.43    3.03    2.95    3.14    3.44    1.86    4.16    2.38    3.44    3.63    2.98    1.54    2.09    4.34    3.99    2.33    2.47    3.03    4.18
196509    3.44    3.80    2.33    3.68    3.90    2.61    2.29    3.74    3.50    3.85    4.01    3.41    2.05    2.86    1.70    3.53    4.08    3.18    4.06
196510    1.99    2.92    2.12    5.83    3.26    0.93    3.36    4.73    6.22    3.70    2.23    1.62    0.43    2.64    4.12    4.58    4.97    5.93    6.72
196511   67.32    0.09    0.17    1.02    0.04   -0.90    2.03    0.99    1.26    0.09   -0.10    0.30   -1.76    2.15    1.90    1.31    0.48   -0.12    3.73
196512  -11.18    0.93    1.06    4.29    1.11    0.21    1.69    3.02    4.19    0.98    1.41    0.23    0.19    0.43    2.99    2.10    4.54    4.11    4.32
196601   -4.58   -0.08    1.50    4.98   -0.14    0.01    2.55    4.15    5.02   -0.04   -0.38    0.15   -0.09    0.83    4.27    3.70    4.87    2.85    8.77
196602   -2.55   -1.45   -0.53    0.48   -0.96   -1.83   -0.60   -0.13    0.97   -0.76   -1.43   -3.36   -0.69   -0.89   -0.31    0.18   -0.61   -0.04    2.59
196603   12.84   -1.51   -2.68   -3.48   -1.36   -3.10   -1.59   -2.48   -3.77   -0.97   -2.29   -2.10   -3.82   -2.52   -0.70   -2.26   -2.82   -2.07   -6.43
196604    1.91    2.51    2.03    2.70    2.35    2.12    1.92    4.07    2.42    2.29    2.50    3.15    1.37    1.85    1.98    4.52    3.35    2.04    3.04
196605  -12.78   -4.37   -5.42   -8.05   -4.41   -4.39   -5.60   -7.83   -8.08   -4.31   -4.68   -4.21   -4.53   -6.47   -4.78   -7.75   -7.98   -6.65  -10.38
196606    1.62   -1.93   -0.06   -0.14   -1.85   -1.24   -0.20    1.23   -0.38   -1.48   -2.77   -2.27   -0.47   -0.27   -0.12    1.74    0.40   -0.34   -0.44
196607   -4.87   -1.63   -0.67   -1.09   -1.62   -1.49   -0.82    0.08   -1.54   -2.17   -0.77   -1.64   -1.28   -0.11   -1.42    0.45   -0.46   -0.52   -2.40
196608   -7.56   -7.77   -6.82   -8.03   -7.56   -8.65   -6.22   -7.02   -8.83   -7.10   -8.27   -8.69   -8.60   -7.58   -5.07   -7.07   -6.93   -8.28   -9.31
196609    2.86   -1.02    0.10   -0.68   -1.31    0.48    0.19   -0.43   -1.33   -2.69    0.84    0.28    0.76   -0.23    0.55   -0.84    0.19   -1.26   -1.40
196610   -4.12    3.01    6.74    4.19    2.41    4.93    7.90    5.24    3.77    2.56    2.18    5.61    3.96    7.24    8.45    5.58    4.75    4.52    3.13
196611    7.43    3.85   -0.66    0.01    4.30    2.12   -1.65   -0.16    0.16    7.69   -0.80    1.95    2.37   -1.56   -1.74   -0.14   -0.20   -0.30    0.57
196612  -11.79   -0.25    1.49    0.12   -0.32    0.74    1.43    0.80    0.34   -1.20    1.12    0.07    1.69    0.48    2.22    1.45   -0.18    0.79   -0.04
196701   27.89    8.25    7.04   13.41    8.35    7.90    6.34    9.73   14.72    7.92    9.05    7.82    8.02    4.89    7.52    8.44   11.70   13.72   15.60
196702   10.33    2.12   -0.12   -0.13    2.42    0.69   -0.42   -0.01    0.08    3.76    0.28    0.83    0.50   -0.83   -0.09    0.27   -0.41   -0.60    0.66
196703   10.10    4.33    3.97    5.15    4.49    3.57    3.68    5.20    5.43    4.54    4.41    3.65    3.46    3.43    3.88    5.48    4.78    6.31    4.67
196704    6.04    5.97    1.96    3.18    6.79    3.02    0.92    3.76    2.41    7.44    5.71    2.36    3.93    0.92    0.92    3.46    4.21    2.14    2.65
196705   -1.14   -4.88   -3.34   -2.44   -5.17   -3.22   -3.55   -2.84   -2.61   -5.48   -4.63   -3.56   -2.75   -2.86   -4.08   -3.27   -2.21   -3.72   -1.66
196706   26.21    1.72    2.58    5.22    1.93    1.57    2.33    4.38    4.67    3.13   -0.10    0.78    2.66    1.60    2.90    3.31    5.96    4.74    4.61
196707   11.94    4.99    3.80    8.06    4.58    5.60    2.93    6.83    8.28    4.55    4.63    6.11    4.71    1.20    6.34    6.42    7.56    9.57    6.85
196708   -5.44   -0.74   -0.77    0.99   -0.69   -0.91   -1.20    0.73    1.74   -1.01   -0.14   -0.87   -1.00   -1.30   -1.00    1.58   -0.77    2.24    1.17
196709   -0.07    3.92    2.91    2.06    3.95    3.09    3.29    3.33    1.29    5.18    1.88    3.85    1.76    3.85    2.24    3.00    3.91    1.83    0.69
196710   -3.38   -1.47   -3.63   -4.97   -0.79   -4.01   -2.95   -4.11   -5.33    1.39   -4.58   -3.31   -5.28   -1.97   -4.87   -4.10   -4.13   -4.61   -6.14
196711   -1.76    1.10    0.38   -0.38    1.54    0.39    0.20   -0.36   -0.30    1.67    1.30   -0.11    1.32    0.48   -0.36   -0.25   -0.55   -1.23    0.77
196712   16.76    2.49    3.61    5.24    2.34    3.37    2.96    5.77    4.88    1.70    3.53    2.89    4.24    2.73    3.45    5.60    6.07    4.97    4.79
196801    6.32   -5.99   -1.05   -0.07   -6.33   -4.66    0.15   -0.63   -0.72   -8.58   -2.20   -5.05   -3.95    0.03    0.39   -1.80    1.45   -1.03   -0.38
196802   -8.25   -3.49   -2.37   -3.84   -3.52   -2.67   -2.45   -3.94   -3.49   -3.66   -3.29   -3.38   -1.40   -2.14   -3.06   -3.55   -4.62   -3.72   -3.23
196803   -6.47    1.72   -0.75    0.12    2.70   -1.18   -0.53   -0.87    0.79    3.68    1.01   -0.97   -1.53   -0.13   -1.34   -0.54   -1.43    1.14    0.39
196804   15.05   10.50    6.18   12.39   11.33    8.01    4.70   11.25   12.47   12.25    9.70    8.12    7.80    3.69    6.79   10.70   12.20   11.26   13.90
196805    6.13    2.76    0.91    6.16    2.93    2.29    0.40    2.79    6.34    4.00    1.00    2.27    2.32   -0.40    2.01    1.07    5.75    5.70    7.08
196806    2.30   -0.03    3.37    0.21   -0.18    1.18    3.90    2.61   -1.01   -1.18    1.69    0.42    2.54    3.44    4.80    2.30    3.11   -0.83   -1.21
196807   -7.54   -4.63   -0.07    0.40   -5.41   -1.77    0.56    0.37    0.25   -5.70   -4.88   -1.99   -1.48   -2.43    2.54    0.14    0.51    2.18   -1.60
196808   -0.89    1.39    1.58    2.74    1.36    1.18    2.03    1.83    3.63    1.30    1.46    1.51    0.78    1.59    2.31    1.44    2.07    4.78    2.52
196809    8.41    3.64    4.51    5.01    2.93    5.64    3.02    4.85    7.31    1.82    4.89    5.96    5.24    3.52    2.71    7.45    3.31    6.99    7.61
196810   -5.42   -0.62    1.71    2.95   -1.50    1.81    2.03    3.11    1.42   -3.10    1.23    2.22    1.28    2.48    1.75    1.44    4.14    0.42    2.34
196811    5.24    5.74    5.80    5.64    6.54    4.31    6.19    5.46    5.49    7.51    4.96    3.27    5.67    5.38    6.71    4.98    5.76    8.40    2.87
196812   -0.90   -4.38   -3.08   -3.09   -4.68   -3.96   -3.01   -2.82   -2.27   -4.57   -4.86   -3.45   -4.61   -2.09   -3.59   -1.33   -3.70   -2.64   -1.92
196901   -1.50   -1.82    0.03    0.31   -2.17   -0.45    0.41   -0.38    0.94   -2.86   -1.02   -0.70   -0.14    0.08    0.63   -0.71   -0.17   -0.71    2.49
196902  -11.01   -4.53   -5.57   -5.38   -4.59   -4.53   -5.25   -5.34   -7.01   -4.40   -4.89   -4.35   -4.77   -6.20   -4.65   -7.36   -4.13   -6.90   -7.11
196903   -2.78    3.83    2.49    2.90    4.14    2.12    3.29    1.95    4.26    4.08    4.25    2.85    1.18    2.82    3.58    2.08    1.88    7.00    1.73
196904   -1.82    3.02    0.52    2.67    3.44    1.21    0.78    2.30    1.21    3.59    3.19    1.69    0.58    1.21    0.50   -0.22    3.78    2.63   -0.17
196905    1.39   -0.19    0.71    0.79   -0.44    0.26    1.02    1.35   -0.23   -0.23   -0.79    0.62   -0.23    1.32    0.83    1.05    1.53    0.35   -0.83
196906  -17.60   -4.15   -8.19   -7.42   -3.14   -7.61   -7.90   -7.40   -9.06   -1.65   -5.64   -7.46   -7.81   -6.61   -8.72   -9.42   -6.26   -9.79   -8.27
196907  -11.29   -5.40   -7.72   -6.14   -5.21   -6.89   -6.71   -7.67   -6.15   -4.42   -7.39   -5.91   -8.83   -6.41   -7.11   -8.69   -6.13   -5.97   -6.55
196908    6.19    6.74    4.46    2.74    7.38    5.14    4.19    4.13    2.30    7.27    7.68    5.02    5.37    3.15    5.58    4.45    3.66    2.50    1.83
196909   -0.25   -0.56   -3.43   -4.55   -0.33   -2.06   -2.45   -4.89   -4.27   -0.35   -0.26   -1.21   -3.81   -1.16   -4.15   -4.74   -5.12   -4.36   -4.05
196910   11.54    6.67    4.86    4.13    6.87    5.96    5.66    3.42    4.32    7.00    6.51    6.10    5.67    5.57    5.77    3.21    3.74    4.40    4.12
196911  -10.63   -2.44   -3.96   -3.83   -1.95   -4.00   -3.86   -4.64   -2.89   -1.44   -3.43   -3.81   -4.39   -3.43   -4.45   -3.89   -5.75   -1.68   -5.76
196912   -8.02   -0.29   -2.11   -4.58    0.22   -2.18   -2.06   -2.26   -5.26    1.33   -3.00   -1.75   -3.11   -1.92   -2.25   -1.67   -3.14   -5.36   -5.00
197001   -9.80   -7.91   -8.23   -5.33   -8.33   -7.21   -7.79   -8.45   -4.14   -8.77   -7.00   -6.66   -8.40   -6.69   -9.28   -8.86   -7.82   -4.61   -3.00
197002    2.93    3.54    7.48    7.87    3.59    4.73    8.04    7.06    7.83    3.13    4.97    3.39    7.68    8.39    7.56    6.46    7.97    7.78    7.96
197003    1.66   -2.20    1.26    1.01   -2.93   -0.47    2.10    0.72    1.49   -3.10   -2.45   -0.08   -1.28    3.41    0.23    1.20   -0.02    1.66    1.08
197004  -16.35  -11.43   -9.90   -7.86  -12.37  -10.08   -9.71   -7.80   -8.52  -11.78  -14.12   -8.77  -12.86   -9.45  -10.09   -8.72   -6.40   -8.65   -8.22
197005  -12.99   -8.20   -4.65   -4.57   -8.68   -6.97   -6.24   -2.02   -4.96   -8.20  -10.14   -6.89   -7.15   -6.87   -5.31   -0.87   -3.74   -4.22   -6.78
197006   -9.81   -5.68   -3.53   -6.69   -6.27   -4.39   -4.05   -2.64   -8.18   -7.09   -3.72   -4.11   -5.04   -4.37   -3.58   -2.06   -3.53   -8.05   -8.51
197007    8.57    5.24    9.59    7.71    4.72    8.28    8.69   10.15    7.26    2.48    9.09    7.93    8.49    8.54    8.88   11.26    8.13    9.85    5.03
197008    6.67    4.23    5.40    5.98    4.27    6.02    4.54    5.07    6.39    4.65    3.58    4.00    7.24    4.88    4.14    4.78    5.61    6.77    6.04
197009    9.62    7.98    0.95    4.61    8.20    2.90    2.07    1.24    6.28    8.76    7.17    6.87    0.57    1.21    3.11    0.23    3.10    5.43    7.06
197010    0.63   -1.12   -1.94   -3.04   -0.87   -2.04   -4.09   -0.62   -4.55   -0.44   -1.67   -2.42   -1.81   -4.04   -4.16   -0.06   -1.63   -4.23   -4.84
197011    0.84    4.79    5.43    5.77    4.78    5.47    4.96    6.01    4.52    4.36    5.57    4.87    5.84    5.09    4.82    5.53    6.91    4.59    4.46
197012    6.14    5.53    6.89    6.34    5.02    6.95    8.16    5.86    7.76    4.59    5.84    8.20    6.19    7.69    8.73    6.29    5.08    6.58    8.85
197101   11.19    5.12    4.44    6.30    4.61    5.62    4.92    4.24    8.28    4.26    5.27    7.68    4.34    5.35    4.41    4.09    4.50    9.02    7.62
197102    3.97    2.55    0.55    2.03    2.64    1.25    0.94    0.93    1.52    2.48    2.91    2.10    0.71    1.66    0.09    0.07    2.51    1.13    1.87
197103    7.42    6.16    3.22    2.43    6.25    4.08    4.81    1.86    3.12    6.85    5.16    5.70    3.04    5.10    4.47    1.90    1.79    3.25    3.01
197104    7.88    3.94    2.70    4.88    3.60    4.97    1.37    2.75    6.74    3.05    4.61    5.66    4.51    1.97    0.63    2.53    3.13    5.40    7.94
197105   -6.47   -2.85   -4.33   -4.64   -2.59   -4.11   -4.31   -4.75   -4.08   -2.97   -1.90   -4.08   -4.13   -4.18   -4.47   -4.51   -5.19   -3.98   -4.16
197106    3.84    1.11   -0.24   -0.43    1.16   -0.41   -0.03    0.58   -1.79    1.45    0.62    0.88   -1.28   -0.41    0.45    0.41    0.87   -2.93   -0.71
197107   -5.97   -4.31   -3.59   -5.13   -4.17   -4.17   -3.61   -3.84   -5.98   -4.94   -3.04   -5.08   -3.24   -2.75   -4.52   -3.83   -3.87   -5.26   -6.71
197108    1.72    5.49    1.40    8.09    5.52    4.69   -0.35    2.79   10.74    4.74    6.65    5.30    4.10   -0.24   -0.47    2.21    4.25    9.15   12.37
197109   -1.18    0.41   -1.18   -2.42    0.53   -0.88   -1.11   -1.23   -2.89    0.98   -0.12   -0.26   -1.50   -0.21   -2.08   -1.04   -1.71   -1.65   -4.13
197110  -11.96   -3.96   -3.56   -4.93   -3.69   -4.99   -3.45   -3.41   -5.24   -3.08   -4.55   -5.45   -4.52   -3.47   -3.43   -2.99   -4.45   -4.23   -6.27
197111   -4.98    0.72   -0.56   -1.95    0.86   -0.06   -0.72   -0.84   -2.41    1.15    0.42   -0.04   -0.08   -1.04   -0.37   -0.68   -1.25   -1.79   -3.07
197112    8.48    9.21    8.68   10.22    9.06    9.74    9.18    7.78   11.00    9.82    7.93   10.07    9.40    8.47    9.96    7.30    9.02   10.69   11.34
197201    8.45    2.95    0.92    6.53    3.07    1.71    0.43    2.13    8.48    4.26    1.28    2.30    1.10    0.75    0.08    1.59    3.53    7.59    9.41
197202    8.10    4.50    1.21    1.49    4.76    2.51    1.36    0.82    1.15    5.13    4.19    2.99    2.01    0.97    1.78    0.33    2.04    0.51    1.82
197203   -3.23    2.18   -1.22    0.46    2.43    0.77   -2.16   -1.08    1.01    2.09    2.94    0.73    0.80   -1.61   -2.75   -1.34   -0.43    1.36    0.64
197204    1.42    0.71    0.21    0.94    0.75    0.80   -0.17    0.47    0.65    0.96    0.41    0.50    1.10   -0.27   -0.06    0.08    1.42    1.19    0.09
197205    2.48    2.78    0.66   -1.70    3.21   -0.94    1.84    0.33   -1.86    4.20    1.69    0.20   -2.12    1.13    2.61    1.07   -1.45   -1.32   -2.43
197206   -2.22   -1.12   -2.77   -5.49   -1.01   -2.81   -2.72   -2.81   -5.86   -0.02   -2.58   -1.84   -3.84   -3.02   -2.40   -1.96   -4.91   -5.86   -5.85
197207   -7.17    0.32   -1.35   -1.24    0.86   -2.02   -0.86   -1.15   -2.07    1.73   -1.49   -2.02   -2.02   -1.50   -0.37   -1.76   -0.77   -2.04   -2.11
197208   13.42    1.33    6.53    6.63    0.58    5.12    5.95    7.73    5.55    0.00    2.23    4.69    5.82    5.52    6.27    8.54    7.23    6.07    4.97
197209   -7.22   -0.58   -1.25   -0.27   -0.11   -2.18   -1.54    0.86   -3.71    0.48   -1.74   -2.59   -1.51   -1.77   -1.36   -0.35    1.62   -3.50   -3.95
197210   -2.02    0.38    2.00    1.27    0.57    0.53    1.78    2.10   -0.04    0.51    0.76   -0.48    2.14    0.19    2.99    2.32    1.96    0.67   -0.84
197211    5.03    2.98    6.44    9.26    2.06    6.49    6.77    7.68   10.99    1.14    4.65    7.07    5.60    7.27    6.40    6.55    8.38    9.59   12.56
197212   -3.38    2.51   -0.79   -0.80    3.29   -0.51   -0.76   -0.43   -2.90    3.62    2.38   -0.83    0.00   -1.98    0.14   -1.61    0.29   -2.69   -3.12
197301   -9.63   -2.80   -2.48   -1.71   -2.27   -4.85   -2.69   -0.34   -4.19   -1.11   -5.47   -5.13   -4.41   -5.81   -0.42   -0.12   -0.46   -3.94   -4.45
197302   -3.59   -3.26   -5.20   -4.99   -3.02   -4.51   -5.26   -5.50   -3.95   -2.32   -5.02   -4.36   -4.74   -5.52   -5.08   -5.51   -5.50   -4.17   -3.71
197303   -9.72   -1.41    0.19    0.93   -1.23   -1.85    0.49    0.99    0.67   -1.25   -1.17   -2.26   -1.22   -1.61    1.93    0.89    1.05   -0.82    2.31
197304   -2.02   -6.26   -2.82   -1.84   -6.50   -4.67   -2.65   -1.33   -3.85   -6.40   -6.80   -5.14   -3.94   -4.52   -1.41   -2.13   -0.85   -3.17   -4.59
197305  -11.42   -1.19   -2.56   -3.79   -0.64   -3.07   -1.90   -3.32   -6.12    0.09   -2.81   -3.73   -2.07   -2.25   -1.68   -4.42   -2.68   -5.77   -6.50
197306    6.42   -1.03   -0.59   -1.07   -0.84   -1.16   -0.41   -0.82   -2.52   -0.27   -2.61   -1.93   -0.01   -2.14    0.69   -1.54   -0.40   -2.32   -2.74
197307    2.98    6.96    2.86    5.88    6.98    7.13    1.69    2.78    6.91    5.73   10.75    6.86    7.55    2.13    1.05    1.60    4.80    7.07    6.70
197308   -4.39   -3.41   -3.13   -1.57   -3.52   -2.63   -3.62   -2.76   -0.64   -3.72   -2.94   -2.87   -2.27   -3.32   -4.05   -2.87   -2.57   -0.85   -0.36
197309   28.96    2.69    9.12    8.90    1.45    8.92    9.21    8.68    9.10   -0.75    7.71    8.55    9.48    8.72    9.91    8.68    8.67    8.69    9.66
197310  -11.69   -0.40   -0.17    0.09   -0.16   -0.57    0.48   -2.19    2.16    0.00   -0.59   -1.44    0.75    0.85   -0.06   -2.18   -2.19    0.53    4.36
197311  -16.22  -13.06  -10.73  -11.99  -12.36  -14.64  -12.06   -8.47  -12.50  -11.66  -14.23  -16.17  -12.37  -11.16  -13.37   -6.71  -11.40  -13.99  -10.55
197312   11.86   -1.47    4.77    4.41   -1.96    0.90    6.28    3.84    6.61   -2.58   -0.27    0.86    0.95    5.62    7.26    4.93    1.92    5.25    8.32
197401   -1.28   -0.65   -0.18    6.24   -1.48    1.96   -0.81    3.02    5.33   -1.58   -1.19    3.14    0.29   -1.79    0.63    0.64    7.32    5.06    5.67
197402   -0.22   -1.01    1.22    2.08   -1.41    1.31   -0.28    2.33    3.34   -1.69   -0.66    0.74    2.13   -0.34   -0.20    3.35    0.60    3.80    2.79
197403   -4.19   -1.69   -3.27   -2.19   -1.59   -3.02   -2.60   -2.96   -2.67   -1.60   -1.56   -2.12   -4.28   -2.72   -2.41   -3.74   -1.61   -2.58   -2.77
197404   -8.54   -3.74   -5.89   -4.16   -3.58   -5.16   -5.14   -6.05   -3.93   -3.04   -5.02   -4.42   -6.23   -5.10   -5.20   -7.00   -4.43   -6.01   -1.37
197405  -14.36   -1.87   -5.36   -6.28   -1.23   -5.28   -5.77   -4.26   -7.61   -0.40   -3.48   -4.69   -6.15   -5.17   -6.63   -4.00   -4.69   -7.33   -7.95
197406  -10.99   -2.14   -1.79   -2.23   -1.75   -2.86   -2.07   -2.74   -0.30   -1.77   -1.67   -3.97   -1.20   -2.36   -1.66   -1.70   -4.46   -1.10    0.65
197407    0.51   -9.32   -4.39   -2.82  -10.64   -4.21   -3.53   -3.23   -2.88  -11.94   -6.89   -2.64   -6.00   -4.52   -1.07   -3.66   -2.74   -3.50   -1.74
197408   -8.75  -10.04   -5.92   -7.17  -10.09   -8.08   -5.46   -7.36   -7.15   -9.75  -11.02   -9.83   -5.99   -4.51   -7.77   -7.52   -7.19   -7.68   -6.19
197409   -4.89  -13.60   -6.18   -7.21  -14.40   -9.23   -5.17   -5.69   -7.29  -16.46   -8.72   -9.85   -8.52   -5.24   -5.00   -4.39   -7.11   -6.68   -8.38
197410    4.11   21.11   10.84    8.00   22.03   13.61   11.73    9.65    6.74   23.03   19.52   16.98    9.81   12.35   10.17    9.84    9.42    5.24    9.45
197411   -3.09   -4.08   -3.56   -4.42   -4.45   -3.05   -3.53   -3.35   -5.07   -4.91   -3.25   -2.39   -3.84   -4.65   -0.68   -3.02   -3.72   -4.09   -6.70
197412   -4.17   -3.41   -0.63   -4.18   -3.95   -0.73   -0.32   -2.72   -4.94   -4.50   -2.54   -0.91   -0.52    0.68   -2.75   -2.13   -3.38   -2.99   -8.30
197501   26.00   11.03   17.96   23.93   10.31   15.97   16.85   22.40   25.17   10.41   10.06   14.26   18.06   16.24   18.43   22.18   22.64   22.46   30.11
197502    6.15    8.15    2.83    2.58    9.28    3.01    3.11    2.90    1.50   11.29    4.19    3.32    2.65    3.45    2.25    2.19    3.72    0.18    3.76
197503   -0.79    3.08    2.15    7.53    3.14    3.44    0.34    6.26    6.72    3.40    2.43    2.79    4.23   -0.77    3.13    4.38    8.38    7.76    5.00
197504    6.38    5.72    2.24    5.64    5.71    4.88    1.21    4.75    4.10    4.85    8.06    5.78    3.81    0.88    2.02    2.47    7.21    3.69    4.78
197505    9.58    5.86    5.97    2.75    5.40    7.78    5.37    3.10    3.86    4.67    7.34    7.97    7.55    5.56    4.90    4.52    1.66    3.37    4.66
197506   11.56    4.42    6.49    7.24    3.88    6.95    5.75    7.88    6.58    2.99    6.19    6.85    7.07    5.49    6.36    7.86    7.90    7.53    5.04
197507   -1.87   -7.33   -3.73   -3.73   -7.89   -4.35   -4.16   -4.49   -3.85   -8.78   -5.99   -5.42   -2.35   -3.96   -4.65   -4.99   -3.59   -3.65   -4.13
197508  -11.01   -2.33   -2.04   -4.03   -2.36   -2.35   -2.48   -0.95   -5.05   -2.97   -1.06   -2.22   -2.57   -2.43   -2.60    0.09   -2.78   -3.56   -7.17
197509   -4.88   -3.92   -2.80   -3.66   -4.53   -1.81   -2.91   -3.92   -4.46   -4.59   -4.39   -1.90   -1.63   -3.20   -2.23   -4.59   -2.71   -4.23   -4.81
197510   -0.66    6.32    5.46    4.56    6.80    5.43    4.68    5.49    3.51    7.52    5.32    4.74    6.68    4.27    5.61    5.31    5.79    5.06    1.20
197511   -6.82    2.97    3.40    4.23    3.22    2.54    3.26    4.12    4.12    3.54    2.56    2.13    3.27    2.75    4.43    3.99    4.35    3.92    4.43
197512    7.03   -1.82    0.29    0.22   -2.58    0.65    0.22    0.06    0.56   -2.86   -2.00    0.76    0.46    0.35   -0.08    0.19   -0.18    0.55    0.58
197601   24.72   10.95   15.08   20.91   11.36   10.82   15.29   18.55   22.76   11.29   11.51    9.60   12.98   14.86   16.27   18.43   18.76   20.41   26.33
197602    4.89   -1.01    2.61    7.92   -1.70    2.12    1.82    3.66   10.39   -3.05    1.15    1.27    3.60    1.20    3.19    2.92    4.97    7.80   14.10
197603    8.12    2.76    2.81    2.05    2.73    3.07    2.50    2.04    2.72    3.10    1.97    2.87    3.41    2.73    2.00    2.52    1.21    2.19    3.42
197604    5.71   -1.57    0.06   -1.35   -2.15   -0.06    0.65   -0.43   -1.59   -2.50   -1.45    0.32   -0.69    1.16   -0.46   -0.08   -1.05   -1.95   -1.11
197605   -1.57   -0.62   -1.65   -1.85   -1.19    0.02   -0.98   -2.57   -1.76   -1.56   -0.44    1.17   -1.92   -0.84   -1.29   -2.90   -1.97   -1.63   -1.94
197606    9.71    4.43    4.96    5.08    4.41    4.16    5.81    5.62    4.19    5.20    2.82    4.51    3.54    5.37    6.79    5.29    6.20    4.30    4.04
197607    9.40   -1.19    0.27    0.52   -1.60    0.16    0.32    0.18    1.45   -1.46   -1.94    0.29   -0.09    0.83   -0.54    0.64   -0.34    1.24    1.72
197608   -5.65   -0.44    0.86   -1.04   -0.60    0.17    1.46   -0.90   -0.94   -0.17   -1.63    0.12    0.25    2.45   -0.25   -0.70   -1.13    0.03   -2.15
197609   -1.99    2.24    3.07    2.66    1.74    3.77    3.10    3.33    0.83    1.54    2.23    3.99    3.39    2.78    3.65    2.41    4.40    1.29    0.25
197610    0.00   -2.48   -1.20   -2.90   -2.52   -2.14   -0.84   -2.29   -3.02   -2.94   -1.52   -2.32   -1.81   -0.35   -1.68   -1.84   -2.80   -2.09   -4.20
197611   -1.15   -0.54    2.53    2.72   -0.81    1.17    2.33    2.54    3.90   -1.67    1.22    0.38    2.57    2.72    1.65    3.33    1.63    4.02    3.73
197612   13.15    5.01    6.95    9.24    4.38    7.52    6.25    8.58    9.34    3.62    6.12    7.14    8.17    5.74    7.17    8.09    9.15    8.87    9.95
197701    2.39   -5.97   -1.15    1.03   -7.01   -2.57   -0.85   -0.12    2.36   -7.89   -5.04   -2.52   -2.67   -1.21   -0.22   -0.06   -0.19    2.14    2.67
197702    0.20   -1.82   -1.48   -1.17   -1.51   -2.71   -1.05   -1.28   -1.57   -1.61   -1.31   -2.81   -2.53   -0.67   -1.71   -1.70   -0.78   -1.21   -2.06
197703    1.22   -1.55   -0.46    0.39   -1.52   -1.05   -0.76   -0.08    1.25   -1.51   -1.52   -1.65   -0.04   -1.09   -0.17    0.21   -0.42    1.92    0.33
197704    5.72   -1.00    1.92    3.65   -1.84    1.95    1.59    3.35    3.32   -2.95    0.58    1.77    2.26    1.93    0.99    2.82    3.96    4.04    2.34
197705   -3.79   -1.73   -0.05   -0.72   -2.08   -0.74    0.56   -1.07   -0.60   -2.27   -1.69   -0.62   -0.94    1.20   -0.56   -1.28   -0.84   -0.60   -0.59
197706    8.83    5.75    4.05    5.65    6.17    4.53    3.70    4.91    6.04    6.95    4.54    4.43    4.68    2.71    5.48    4.58    5.29    5.77    6.40
197707    2.06   -1.38   -0.94   -2.01   -1.09   -2.43   -0.72   -0.31   -2.30   -0.88   -1.44   -2.50   -2.37   -0.73   -0.71    0.54   -1.71   -2.11   -2.62
197708   -0.86    0.36   -3.20   -2.51    0.94   -2.73   -2.44   -3.62   -2.80    1.71   -0.31   -1.99   -3.40   -2.31   -2.52   -4.45   -2.22   -2.45   -3.40
197709    0.62   -0.55    1.12   -0.26   -0.48   -0.33    1.79    0.49   -0.12   -1.09    0.55   -0.84    0.13    0.80    2.47    1.03   -0.40    0.15   -0.60
197710   -0.90   -4.29   -3.62   -2.64   -4.35   -3.68   -4.27   -2.48   -3.09   -4.06   -4.82   -4.06   -3.34   -4.11   -4.37   -2.66   -2.17   -2.52   -4.11
197711    5.52    4.29    4.20    5.95    4.20    4.50    4.16    4.28    7.28    3.87    4.74    4.68    4.34    5.63    3.18    4.09    4.60    6.11    9.37
197712    0.16    0.42    0.95    1.29    0.33    1.14    1.15    0.49    1.09    1.02   -0.81    0.77    1.46    0.58    1.54   -0.13    1.51    1.21    0.89
197801    5.05   -6.29   -5.37   -2.61   -6.11   -6.73   -4.97   -4.30   -1.64   -5.78   -6.67   -7.04   -6.46   -5.51   -4.60   -4.72   -3.62   -2.46   -0.24
197802   -1.34   -2.25    0.61   -0.37   -2.52   -0.85    1.70   -0.11   -0.40   -3.13   -1.49   -1.10   -0.63    0.74    2.33    0.03   -0.33   -0.62   -0.05
197803    8.48    2.49    3.95    5.08    1.96    4.44    3.88    3.78    6.22    1.05    3.48    4.69    4.22    4.37    3.55    3.73    3.86    5.69    7.09
197804    5.91   10.98    5.76    6.99   11.35    8.30    5.36    5.49    7.01   12.07   10.16    9.45    7.29    7.58    3.90    4.58    6.96    7.00    7.03
197805    8.73    2.32    1.68    3.43    2.21    2.50    1.30    1.91    4.60    2.53    1.68    2.81    2.24    1.67    1.04    1.75    2.16    3.68    6.08
197806    1.28   -1.36   -1.24   -0.84   -1.12   -2.25   -1.21   -0.68   -0.05   -0.48   -2.20   -2.34   -2.18   -1.38   -1.10   -0.01   -1.73    0.57   -1.02
197807    3.62    6.90    4.23    5.87    7.31    5.14    4.09    4.82    6.15    7.42    7.14    5.52    4.74    5.23    3.13    4.04    5.56    4.85    8.47
197808   13.20    4.03    4.81    3.68    3.91    4.62    4.84    3.89    4.19    4.11    3.59    4.45    4.81    5.00    4.71    4.70    3.12    3.96    4.59
197809   -1.93   -2.50    0.82   -0.20   -3.14   -0.35    1.36    0.20   -0.19   -3.50   -2.55   -0.29   -0.41    1.42    1.31    0.62   -0.20    0.11   -0.72
197810  -31.06  -11.28  -10.16  -13.36  -11.05  -11.87   -9.11  -11.29  -15.72  -10.11  -12.59  -12.05  -11.69  -10.40   -7.99  -11.85  -10.75  -14.05  -18.61
197811    4.56    3.49    3.45    3.33    3.47    3.18    3.85    3.14    3.27    3.60    3.24    3.55    2.79    4.12    3.62    2.86    3.41    3.35    3.11
197812   -4.30    2.90    0.83    0.16    3.25    1.28    0.73    0.58    0.36    4.93    0.42    1.74    0.78    1.43    0.15    1.25   -0.06    0.67   -0.19
197901   15.94    3.74    5.38    7.40    3.32    5.51    4.87    6.50    8.37    2.48    4.79    5.21    5.84    4.99    4.77    6.63    6.38    6.89   11.10
197902   -5.91   -3.69   -2.35   -2.65   -4.02   -2.67   -2.29   -2.24   -2.76   -3.92   -4.21   -2.56   -2.79   -3.11   -1.59   -1.93   -2.53   -2.39   -3.41
197903   13.96    6.30    5.98    7.78    6.07    6.87    5.51    6.93    8.47    5.50    7.04    7.10    6.63    7.47    3.84    6.81    7.04    7.41   10.39
197904    2.89    0.34    0.85    1.33    0.40    0.97    0.27    1.50    1.21    0.24    0.69    0.12    1.87    0.86   -0.24    1.56    1.45    1.46    0.78
197905   -6.25   -1.91   -1.22   -0.85   -2.05   -1.17   -1.26   -0.95   -1.24   -1.97   -2.19   -1.42   -0.91   -1.50   -1.05   -1.49   -0.43   -1.28   -1.17
197906    2.55    3.36    5.60    5.75    2.96    5.18    5.28    6.61    4.99    1.99    4.61    4.70    5.69    6.60    4.09    6.65    6.58    4.03    6.65
197907   -3.77    0.74    2.01    3.01    0.34    2.07    2.01    1.89    3.55   -0.78    2.12    1.83    2.39    2.18    1.85    1.54    2.28    3.11    4.19
197908    4.38    7.00    5.66    5.78    7.03    7.12    4.93    5.50    6.53    6.59    7.69    6.94    7.35    5.62    4.30    6.19    4.77    6.60    6.42
197909    2.52   -0.58    0.69   -0.83   -1.22    0.65    1.00   -0.29   -0.66   -1.61   -0.62    1.13    0.02    1.28    0.74    0.43   -1.07   -0.62   -0.71
197910  -15.59   -6.96   -6.67   -8.93   -6.92   -6.42   -6.61   -8.27   -9.41   -6.94   -6.88   -7.07   -5.58   -6.70   -6.53   -8.28   -8.26   -7.83  -11.74
197911   14.46    7.07    5.83    4.66    6.88    7.15    5.05    6.85    3.77    7.03    6.66    7.56    6.63    4.17    5.88    7.70    5.91    4.83    2.16
197912   19.94    3.60    1.52    2.61    3.21    3.84    0.78    1.64    3.95    2.39    4.48    4.59    2.87    0.67    0.89    2.41    0.78    2.77    5.80
198001    4.91    5.25    6.50    8.04    4.66    7.22    6.10    6.12    9.47    2.99    7.15    6.79    7.79    8.01    4.31    6.24    6.00    7.28   12.82
198002    0.86   -2.75    1.52   -0.24   -3.50    0.11    2.20   -0.72    0.10   -3.65   -3.28   -0.83    1.33    2.87    1.55   -0.69   -0.76    0.50   -0.47
198003  -30.74  -10.27  -11.32  -13.95   -9.23  -12.36  -11.01  -11.86  -15.37   -8.96   -9.62  -12.86  -11.72  -12.45   -9.59  -11.91  -11.79  -13.59  -17.98
198004    7.32    4.01    5.73    6.07    3.77    4.33    5.84    8.03    4.52    3.49    4.16    4.63    3.94    4.41    7.20    7.79    8.31    6.19    1.95
198005    3.98    5.94    5.72    6.78    5.69    5.93    6.06    5.40    7.65    5.80    5.54    6.58    5.10    6.72    5.45    5.26    5.56    8.24    6.70
198006   11.43    3.44    3.53    2.76    3.30    4.21    2.61    4.44    2.30    2.86    3.93    3.80    4.74    3.66    1.61    5.33    3.43    2.03    2.73
198007    4.66    9.79    5.72    3.47   11.60    6.68    4.78    3.88    5.64   12.12   10.85    6.35    7.16    4.00    5.86    6.24    1.75    3.84    7.80
198008    1.76    2.90    1.80    2.07    3.62    1.95    1.89    1.87    0.96    4.34    2.59    1.47    2.64    0.92    3.24    0.69    2.99    0.28    1.74
198009   13.70    4.28    3.23   -0.65    4.01    5.44    3.11   -0.70    0.30    3.98    4.04    4.83    6.30    4.51    1.23    0.06   -1.41    1.11   -0.62
198010    0.14    2.29    2.82   -0.25    1.72    3.79    3.79   -1.09    0.79    3.28   -0.55    3.45    4.26    4.25    3.17   -1.07   -1.11    0.16    1.52
198011    8.94   11.77   12.38    4.46   11.54   13.49   14.89    4.49    2.57   12.28   10.41   12.22   15.26   17.45   11.38    2.88    6.01    3.52    1.44
198012   -7.18   -2.53   -4.43   -0.84   -1.54   -5.21   -4.70   -1.12   -0.64   -1.31   -1.91   -4.48   -6.19   -5.14   -4.05   -1.25   -1.00   -0.46   -0.87
198101   -6.73   -5.73   -4.71    1.74   -5.87   -6.34   -4.90    0.45    2.37   -7.18   -3.83   -5.46   -7.55   -6.32   -2.84   -0.39    1.23    2.43    2.31
198102   -0.85    2.40    1.39    1.60    2.36    2.11    0.55    2.46    1.34    1.48    3.69    2.46    1.61    1.34   -0.56    3.18    1.81    0.50    2.36
198103   13.47    4.24    4.10    5.65    4.83    4.12    2.25    5.22    7.71    4.68    5.05    3.06    5.65    1.66    3.11    6.61    3.94    5.73   10.10
198104    8.32   -1.60   -1.48    1.58   -1.26   -2.86   -1.60    2.06    0.36   -0.37   -2.57   -2.29   -3.65   -3.37    0.90    1.48    2.62    0.36    0.37
198105   17.76    1.35   -0.06    2.95    2.47   -0.92   -0.56    2.79    2.23    3.52    0.89   -0.96   -0.86   -1.22    0.33    1.98    3.54    2.14    2.34
198106   -8.40   -3.55    1.92    0.19   -4.94    0.58    2.41    0.30    0.33   -6.23   -2.95   -0.55    2.18    1.71    3.36    0.55    0.07    1.11   -0.58
198107    5.32    0.79   -0.79   -1.15    0.86    1.68   -2.16   -2.28   -0.72    0.48    1.22    0.64    3.06   -2.44   -1.68   -2.60   -1.90    0.01   -2.28
198108   -8.57   -7.22   -5.54   -2.85   -7.04   -6.71   -5.43   -5.25   -1.91   -9.11   -5.09   -7.64   -5.48   -5.89   -4.67   -5.86   -4.50   -0.74   -4.47
198109  -10.72   -6.81   -6.05   -1.97   -7.55   -6.27   -6.30   -2.78   -1.75   -8.47   -6.73   -5.07   -7.77   -6.68   -5.68   -3.12   -2.38   -0.32   -4.96
198110   17.34    8.39    4.29    4.63    8.72    7.44    3.88    3.08    4.62   11.28    6.45    7.63    7.17    3.26    4.89    1.74    4.66    5.04    3.64
198111    8.86    3.72    5.05    4.23    3.08    5.32    4.58    4.96    4.24    0.61    5.36    5.21    5.47    4.64    4.48    5.62    4.19    3.75    5.43
198112   -2.46   -3.04   -2.50   -2.32   -2.88   -3.08   -2.99   -2.00   -1.99   -3.74   -2.10   -3.40   -2.63   -3.00   -2.99   -1.20   -2.93   -1.74   -2.58
198201   -3.34   -2.22   -3.62    0.21   -2.12   -3.72   -3.22   -1.44    0.60   -3.60   -0.82   -2.44   -5.49   -3.45   -2.83   -2.20   -0.52    1.34   -1.15
198202   -5.09   -7.37   -3.33   -1.75   -7.35   -6.74   -2.81   -1.20   -2.22   -9.07   -5.88   -7.42   -5.78   -2.87   -2.72   -1.48   -0.88   -3.08   -0.13
198203   -3.59   -1.99   -0.52    1.87   -3.29    0.13   -0.99    1.61    1.79   -3.73   -2.92    1.08   -1.17   -1.60   -0.03    1.27    2.00    1.85    1.65
198204    6.72    5.87    3.77    2.85    6.60    4.36    3.55    3.56    2.34    6.35    6.80    4.24    4.53    3.14    4.20    3.37    3.77    1.49    4.34
198205    1.19   -3.48   -2.29   -2.19   -4.05   -2.14   -2.04   -3.13   -1.60   -4.85   -3.38   -2.17   -2.10   -1.82   -2.39   -3.05   -3.22   -1.26   -2.37
198206   10.91   -2.61   -1.23   -1.61   -3.26   -1.31   -0.74   -1.61   -1.83   -4.19   -2.50   -1.14   -1.54   -0.64   -0.89   -1.97   -1.20   -2.41   -0.55
198207   -1.08   -0.90   -3.75   -1.60   -0.44   -3.25   -3.45   -2.28   -1.81   -2.00    1.15   -1.98   -4.91   -3.22   -3.68   -3.25   -1.46   -1.71   -2.01
198208    7.76   10.61   12.66   12.68   10.83   11.55   12.17   13.06   11.73   11.27   10.40   10.10   13.52   11.21   13.14   12.72   13.34   11.97   11.24
198209    6.83    2.02    2.35    0.65    2.05    2.38    2.72    0.77    1.10    1.53    2.57    1.93    2.97    3.32    2.13    1.29    0.33    1.23    0.82
198210   17.99   13.20   11.45    9.93   13.13   12.03   11.09   11.64    9.10   15.25   11.04   13.36   10.31    9.86   12.33   12.97   10.52    7.38   12.73
198211    8.40    7.49    3.11    4.63    7.82    5.17    3.13    3.76    5.00    9.01    6.60    6.71    3.14    3.07    3.20    3.03    4.38    3.69    7.59
198212   20.15    1.17    1.15    1.51    1.78    0.27    1.16    0.42    4.05   -0.27    3.92   -0.35    1.10    1.71    0.62    1.17   -0.23    3.88    4.39
198301    5.35    3.77    3.59    5.76    3.89    3.60    3.90    5.41    3.29    4.92    2.85    3.48    3.75    2.53    5.21    2.98    7.51    2.89    4.05
198302   -1.14    3.74    2.94    2.84    3.27    3.94    3.89    1.93    4.00    3.42    3.12    4.94    2.63    3.17    4.57    1.77    2.05    3.29    5.34
198303    5.49    2.50    4.74    3.44    2.64    3.16    4.52    4.16    3.68    2.04    3.27    2.14    4.54    5.40    3.68    5.24    3.28    3.07    4.78
198304   27.62    6.02    8.88    7.17    6.46    6.31    8.45    8.54    7.11    5.55    7.39    4.89    8.18    8.06    8.83   10.12    7.21    5.64    9.75
198305    5.13    1.09    0.87    0.64    1.72    0.43    1.36   -0.44    2.16    3.15    0.27   -0.51    1.63   -0.19    2.84   -0.48   -0.41    2.53    1.53
198306   15.77    5.33    3.78    1.00    5.82    5.32    3.19    1.24    1.68    5.73    5.91    4.06    6.91    4.87    1.64    2.08    0.51    0.25    4.13
198307   -7.33   -5.30   -2.31   -0.81   -5.11   -5.03   -2.89   -0.09   -1.38   -5.18   -5.00   -5.88   -3.72   -2.68   -3.18   -0.24    0.05   -1.98    0.03
198308   -3.35   -1.90    0.37    4.54   -1.91   -1.49   -0.20    3.05    5.07   -2.71   -0.59   -1.86   -0.93   -0.65    0.38    2.30    3.76    4.63    6.09
198309    5.18    2.19    1.65    1.21    2.47    2.13    2.20    0.35    1.31    2.21    2.88    1.33    3.32    2.36    1.97   -0.42    1.07    1.77    0.25
198310   -2.59   -4.40   -1.37   -0.62   -4.60   -3.15   -1.24   -0.52   -0.95   -6.06   -2.27   -3.77   -2.26    0.47   -3.53   -0.96   -0.13   -1.07   -0.68
198311   -2.39    3.09    2.71    2.22    2.75    3.30    3.28    2.51    1.81    1.73    4.33    4.17    2.07    2.34    4.58    2.17    2.82    1.93    1.54
198312   -1.45   -1.05   -0.99   -0.60   -1.29   -0.32   -1.81   -1.06    0.41   -1.18   -1.47   -0.31   -0.35   -1.64   -2.05    0.05   -2.06    0.53    0.13
198401    6.65   -5.15    0.47    3.37   -5.99   -1.63    0.33    1.10    4.97   -6.95   -4.52   -2.58   -0.23   -1.92    3.44    1.19    1.02    5.29    4.21
198402   -9.10   -5.08   -4.27   -1.82   -4.73   -6.16   -4.40   -2.87   -1.03   -5.41   -3.72   -6.13   -6.19   -4.41   -4.38   -2.74   -2.98   -2.67    2.69
198403   -3.78    1.37    1.54    0.69    1.25    2.24    0.78    1.64    0.20    0.78    1.94    1.71    3.00    0.75    0.83    1.86    1.44   -0.48    1.67
198404   -1.37    0.22    0.19    1.50    0.52   -0.29    0.76    0.65    1.15    0.37    0.73   -0.67    0.26    1.14    0.26   -0.82    2.03    1.66    0.06
198405   -8.16   -4.97   -4.58   -5.71   -5.15   -3.78   -5.95   -4.27   -6.14   -5.33   -4.88   -4.41   -2.89   -6.32   -5.48   -3.38   -5.08   -6.24   -5.94
198406    7.91    4.42    1.65    2.43    4.04    5.17    1.82   -0.16    3.99    3.69    4.53    5.57    4.60    2.15    1.39   -0.65    0.30    5.82   -0.95
198407   -7.91   -1.86   -1.97   -2.52   -1.58   -2.76   -1.00   -3.19   -2.04   -1.17   -2.19   -2.78   -2.75   -1.56   -0.61   -3.19   -3.19   -2.50   -1.25
198408   10.64   11.67   11.04   11.30   11.90   11.06   10.63   11.22   11.60   12.79   10.57   10.92   11.20   10.82   10.50   11.74   10.88   12.25   10.50
198409   -1.60   -2.46   -0.11    3.08   -2.86   -1.14    0.13    1.77    3.42   -3.46   -1.94   -1.11   -1.16   -0.59    0.63    0.51    2.61    3.15    3.88
198410   -4.73    0.21    0.69   -0.45   -0.14    1.48    0.90   -0.35   -0.67   -0.71    0.69    1.39    1.58    0.27    1.31   -0.68   -0.14   -1.84    1.32
198411   -4.95   -2.66   -1.15    0.87   -3.22   -0.99   -1.18   -0.39    1.47   -4.19   -1.81   -0.82   -1.15   -1.67   -0.86   -1.08    0.04    1.17    1.96
198412    4.20    2.55    2.56    2.23    2.69    2.33    2.42    2.91    1.72    2.52    2.95    2.08    2.58    1.59    2.94    2.86    2.94    1.00    2.89
198501   16.21   10.99    8.39    5.96   11.18    9.61    8.08    7.53    5.30   12.79    8.90   10.37    8.82    8.56    7.79    8.58    6.88    5.18    5.48
198502    1.08    1.61    1.83    2.18    1.18    2.10    1.71    2.53    2.09    0.93    1.55    3.05    1.11    1.85    1.62    2.88    2.31    2.85    0.88
198503    0.33   -1.64   -0.68    2.09   -2.28   -0.24   -0.56    0.89    2.26   -3.47   -0.55    0.46   -1.00    0.73   -1.36   -0.62    1.86    2.10    2.52
198504   -2.04   -1.89   -0.64    1.87   -1.72   -2.32   -0.84    1.31    2.35   -2.20   -1.05   -2.41   -2.22    0.22   -1.52    1.45    1.22    2.49    2.11
198505    7.05    5.67    6.68    5.04    5.60    6.64    7.23    5.23    4.67    5.01    6.44    5.88    7.48    8.70    6.27    4.73    5.54    4.93    4.25
198506    1.79    1.52    1.98    1.55    1.07    2.45    1.88    1.21    2.24    0.50    1.86    2.93    1.92    1.53    2.12    2.24    0.52    2.00    2.63
198507   -0.06    0.59   -0.48   -1.20    0.68    0.48   -0.29   -1.28   -1.33    0.89    0.44    0.30    0.70   -0.23   -0.34   -1.50   -0.94   -2.37    0.70
198508   -1.79   -1.60   -0.07    0.76   -1.87   -0.24    0.03    0.15    0.57   -1.87   -1.87   -0.75    0.38    0.20   -0.14   -0.50    1.15    0.83    0.08
198509   -6.65   -4.39   -2.92   -4.35   -4.60   -3.36   -2.82   -3.73   -4.19   -4.42   -4.82   -3.74   -2.89   -2.45   -3.21   -3.09   -4.70   -4.13   -4.30
198510    4.22    3.89    5.14    5.28    3.85    4.39    4.54    5.44    5.70    3.64    4.12    4.00    4.87    4.56    4.53    6.14    4.38    6.15    4.84
198511    0.21    8.89    6.65    4.91    9.39    7.72    7.57    4.54    5.02    9.12    9.72    7.32    8.22    7.79    7.34    4.47    4.66    5.58    3.96
198512    4.14    5.66    3.68    4.30    6.05    4.08    4.29    3.33    4.42    6.01    6.09    4.42    3.64    5.47    3.07    2.88    4.03    5.07    3.16
198601    3.92    0.99    0.58    1.65    0.80    1.40    1.63   -0.29    1.92    0.17    1.57    1.62    1.12    0.14    3.23   -1.18    1.07    1.53    2.69
198602    5.31    7.90    8.11    6.87    7.52    9.52    8.03    6.82    7.04    6.33    8.97    9.17    9.96    7.08    9.01    7.04    6.50    6.63    7.85
198603    6.39    5.96    5.75    4.43    5.66    6.71    5.66    4.75    4.78    5.28    6.11    6.95    6.39    5.29    6.03    5.46    3.68    5.64    3.12
198604    4.52    0.81   -1.38   -2.93    0.92   -0.17   -1.40   -2.23   -2.80    2.32   -0.72    0.46   -1.00   -0.27   -2.55   -1.60   -3.22   -2.30   -3.81
198605   10.11    5.15    5.49    4.91    5.27    5.28    4.35    5.94    5.06    4.94    5.66    4.76    5.97    4.42    4.28    6.80    4.58    6.01    3.16
198606   -2.02    1.57    1.13    2.52    1.80    1.31    1.17    1.17    2.66    1.60    2.05    0.80    1.99    1.21    1.13    0.53    2.20    4.24   -0.58
198607  -12.21   -7.64   -5.70   -2.96   -7.87   -6.79   -6.03   -3.32   -3.46   -8.64   -7.24   -6.90   -6.64   -6.02   -6.03   -4.41   -2.07   -1.87   -5.97
198608    5.32    4.45    7.84    8.99    4.21    5.86    5.92    9.66    9.95    2.71    5.42    5.19    6.75    4.96    7.21   11.77    7.30    9.19   11.21
198609   -8.67   -9.83   -7.13   -6.92   -9.82   -9.16   -7.01   -7.28   -6.19  -10.82   -9.05   -9.85   -8.27   -7.81   -5.95   -6.44   -8.27   -8.55   -2.35
198610    4.21    5.45    5.04    5.13    5.07    6.13    5.43    4.50    5.23    7.23    3.42    6.63    5.50    6.33    4.25    4.14    4.93    6.00    4.06
198611   -0.68    1.75    1.89    1.39    1.98    1.48    1.88    1.62    1.37    1.01    2.75    1.02    2.07    2.53    1.02    1.76    1.45    1.72    0.82
198612   -4.64   -2.52   -2.98   -2.86   -2.35   -2.52   -3.92   -2.72   -2.79   -2.86   -1.95   -3.08   -1.79   -4.00   -3.80   -2.49   -3.00   -3.74   -1.30
198701   17.97   13.72   13.01   10.79   13.39   14.91   10.85   12.13   11.61   13.41   13.38   14.75   15.12   11.04   10.58   14.53    9.25   12.40   10.43
198702    6.13    7.73    3.86    0.49    8.35    6.55    4.11    0.88    0.24    8.81    7.98    5.78    7.55    2.21    6.69    0.81    0.96    0.32    0.11
198703    2.40    1.62    2.37    2.60    1.46    2.17    0.89    2.82    3.68    1.06    1.78    2.13    2.23    1.32    0.32    4.62    0.53    1.64    6.84
198704   -1.80   -1.93   -1.21   -1.68   -1.85   -1.61   -2.52   -1.12   -0.95   -3.55   -0.53   -2.16   -0.92   -2.97   -1.94    0.40   -3.13   -0.31   -1.91
198705    2.01    1.27   -0.19    0.75    1.62   -0.29   -0.13    0.53    0.63    1.07    2.04    0.12   -0.79    0.31   -0.70    0.18    1.00    0.02    1.55
198706   -0.17    4.27    5.19    4.58    4.19    4.46    5.52    4.84    4.81    4.30    4.10    4.53    4.37    6.55    4.18    5.36    4.13    4.39    5.45
198707    9.95    5.16    3.48    3.93    5.13    3.47    5.41    2.94    3.91    4.93    5.34    5.27    1.80    7.25    3.47    2.35    3.99    2.88    5.54
198708   -0.42    4.46    4.26    2.79    4.48    4.75    3.48    4.31    2.35    3.74    5.27    4.40    5.10    3.98    2.94    4.60    3.81    3.32    0.86
198709   -0.38   -2.00   -2.19   -2.41   -2.29   -3.24   -0.72   -1.91   -2.21   -3.87   -0.61   -1.12   -5.29   -0.45   -1.01   -1.36   -2.86   -2.54   -1.69
198710  -35.14  -24.24  -21.14  -20.33  -23.75  -24.66  -23.24  -16.77  -21.13  -22.74  -24.78  -25.73  -23.57  -23.56  -22.89  -15.84  -18.46  -19.32  -23.95
198711   -7.72   -8.58   -7.41   -5.55   -8.95   -7.42   -7.00   -6.63   -6.16   -9.59   -8.28   -7.43   -7.41   -8.43   -5.40   -7.97   -4.16   -8.45   -2.39
198712    7.52    9.17    6.45    4.85    9.08    8.23    7.92    3.56    5.77    8.75    9.42    9.46    7.02    8.37    7.44    3.98    2.81    5.99    5.44
198801   -1.23    2.08    5.55    7.88    2.07    2.44    5.12    8.17    8.10    1.91    2.22    2.11    2.76    7.00    3.10    8.61    7.37    9.87    5.30
198802   13.59    5.73    4.96    3.83    5.55    6.63    5.45    2.98    3.91    5.26    5.85    6.29    6.96    5.71    5.16    2.63    3.64    2.57    6.12
198803    6.02   -2.38   -2.40   -0.74   -3.00   -2.10   -1.84   -2.50    0.37   -2.16   -3.87   -0.53   -3.68   -2.84   -0.72   -2.05   -3.33    0.27    0.55
198804    4.24   -0.44    2.07    1.65   -0.51    1.05    1.63    1.70    2.17   -1.23    0.26   -0.24    2.38    0.68    2.67    2.40    0.41    2.57    1.52
198805   -5.29   -0.32    0.35    1.84   -0.43   -0.19   -0.52    1.96    1.95   -0.40   -0.46   -0.02   -0.37   -0.05   -1.02    2.17    1.56    2.01    1.85
198806    6.86    5.09    5.79    4.21    5.00    6.97    5.89    3.56    4.29    4.72    5.29    5.35    8.61    6.08    5.69    3.31    4.02    2.87    6.58
198807    2.31   -1.64   -0.29    0.23   -1.55   -1.61    0.26   -0.13    0.55   -1.36   -1.76   -1.96   -1.33    0.73   -0.28   -0.10   -0.16    0.68    0.37
198808   -6.83   -3.01   -2.99   -1.39   -3.06   -4.52   -2.04   -1.02   -1.90   -2.73   -3.41   -2.84   -5.90   -2.26   -1.78   -1.27   -0.76   -1.89   -1.91
198809   -0.01    4.80    3.43    3.53    5.20    4.18    2.49    3.40    3.88    4.91    5.53    3.39    4.85    1.01    4.17    3.68    3.11    3.81    3.98
198810   -3.21    1.80    1.74    2.66    0.86    3.87    1.16    1.87    3.13   -0.15    1.94    5.15    2.79    0.63    1.74    1.65    2.10    2.09    4.59
198811   -4.71   -1.92   -1.92   -0.68   -2.08   -1.66   -2.38   -0.88   -0.55   -2.19   -1.96   -1.38   -1.91   -1.95   -2.85   -0.91   -0.84   -0.95    0.00
198812    2.42    2.90    1.82    1.06    2.90    2.51    2.07    1.13    0.75    3.08    2.72    2.89    2.18    2.52    1.58    0.83    1.45    1.02    0.38
198901   13.66    6.78    6.36    6.84    7.00    6.48    6.09    6.00    7.73    6.48    7.56    6.01    6.87    6.34    5.82    6.26    5.74    7.50    8.05
198902    3.10   -2.05   -1.78   -1.03   -2.33   -1.82   -1.72   -0.98   -1.10   -1.51   -3.21   -1.03   -2.46   -2.36   -1.00   -1.01   -0.94   -1.19   -0.97
198903   -0.61    2.52    1.80    2.71    2.44    0.90    3.51    2.47    1.94    2.82    2.03    2.80   -0.69    3.50    3.51    1.34    3.65    1.74    2.22
198904    4.52    5.88    4.72    4.04    5.98    5.21    4.55    4.43    4.07    6.01    5.94    5.55    4.91    2.66    6.66    4.85    3.99    4.31    3.74
198905    3.88    4.80    3.57    3.96    4.71    3.28    4.12    4.30    3.97    4.95    4.45    5.14    1.83    4.09    4.14    4.64    3.95    4.08    3.83
198906    1.92   -1.18   -0.40    0.36   -1.12   -0.75   -0.92   -0.08    1.27   -1.89   -0.28   -1.41   -0.21   -0.37   -1.51    0.55   -0.74   -0.09    3.16
198907    8.30   10.05    6.84    5.77   10.01    8.77    6.00    6.95    5.98   10.38    9.46   10.15    7.01    5.41    6.65    8.34    5.49    6.25    5.53
198908    3.15    1.27    2.83    2.62    0.95    2.52    3.16    2.26    2.40    0.39    1.78    1.95    3.27    2.70    3.66    1.66    2.92    2.68    1.92
198909   -3.26    0.63   -0.72   -0.03    1.11   -1.14   -0.44    0.33   -0.31    2.21   -0.50   -0.39   -2.12    0.07   -0.98    0.32    0.34   -0.09   -0.67
198910   -8.61   -1.78   -4.12   -2.64   -1.08   -3.91   -4.01   -3.52   -2.02   -0.97   -1.24   -3.24   -4.79   -3.56   -4.49   -3.59   -3.44   -1.05   -3.70
198911    3.97    2.21    1.57    0.92    1.85    2.23    1.97    1.06    0.92    2.26    1.24    2.99    1.21    2.54    1.36    1.19    0.91    1.09    0.63
198912   -0.45    1.52    2.13    2.23    0.92    1.01    3.32    3.78    0.99    0.77    1.15    2.78   -1.40    3.35    3.29    3.67    3.90    0.59    1.70
199001   -9.52   -7.71   -6.50   -7.19   -7.78   -6.19   -7.16   -7.56   -6.87   -7.93   -7.56   -7.56   -4.22   -6.49   -7.90   -7.53   -7.59   -6.42   -7.68
199002    3.19    0.63    2.22    2.51    0.65    1.94    2.22    1.60    2.34    0.34    1.09    0.59    3.81    2.36    2.06    0.54    2.74    2.95    1.24
199003    0.96    4.16    1.64    0.67    4.07    3.80    0.95    1.05    0.75    4.49    3.46    4.36    3.05    0.27    1.70    1.50    0.57    1.63   -0.85
199004   -6.15   -1.10   -3.42   -4.48   -0.57   -1.88   -4.05   -4.30   -4.70   -0.16   -1.16   -2.19   -1.44   -3.16   -5.02   -4.39   -4.20   -4.02   -5.99
199005    8.17   10.58    8.43    7.13   11.19   10.29    7.76    6.36    7.46   13.00    8.52    9.30   11.63    7.98    7.50    6.05    6.69    8.57    5.32
199006   -1.78    1.30   -2.10   -1.39    2.66   -1.71   -1.88   -2.88   -0.25    2.72    2.58   -1.61   -1.84   -1.31   -2.53   -2.87   -2.88   -0.51    0.26
199007   -3.14   -1.55   -0.41   -2.01   -1.57   -1.55    0.80   -2.09   -2.59   -1.17   -2.30   -1.50   -1.60    2.24   -1.03   -2.89   -1.12   -2.15   -3.37
199008  -14.93  -10.10   -8.35  -10.16   -9.40  -10.85   -7.65   -9.43  -10.60   -8.95  -10.23  -11.95   -9.39   -7.54   -7.80   -9.37   -9.50   -9.91  -11.79
199009   -9.59   -6.07   -4.15   -6.66   -5.73   -5.78   -3.04   -6.91   -7.54   -6.36   -4.56   -7.01   -4.17   -3.07   -3.02   -8.21   -5.38   -6.33   -9.68
199010   -9.70   -0.08   -2.27   -0.27    0.59   -2.43   -1.99   -0.78   -1.03    0.85    0.10   -1.93   -3.05   -0.50   -3.95   -2.18    0.84    0.07   -3.08
199011    7.23    7.48    6.79    5.16    7.11    7.74    6.48    6.93    4.77    8.01    5.45    8.51    6.76    6.17    6.91    8.04    5.70    5.44    3.50
199012    6.82    3.77    2.50    2.08    3.51    3.85    2.11    2.93    1.73    3.58    3.38    4.50    3.01    2.37    1.75    3.25    2.57    2.59    0.07
199101    7.10    6.53    3.68    4.80    5.97    6.00    3.00    5.89    4.90    5.33    7.18    8.08    3.27    1.24    5.40    6.96    4.66    3.94    6.80
199102   12.24    8.10    6.86    7.73    8.48    7.74    6.05    7.16    8.18    8.12    9.14    7.07    8.66    5.84    6.34    7.22    7.10    7.58    9.34
199103    3.88    4.32    1.50    3.38    4.96    2.46    0.98    3.05    2.77    5.38    4.19    2.48    2.42    2.59   -1.12    2.04    4.23    3.35    1.66
199104   -0.66   -0.29    0.85    0.51   -0.28    0.04    0.69    1.51    0.12    0.05   -0.90   -0.34    0.55    1.38   -0.25    1.91    1.05    0.52   -0.64
199105    4.42    4.64    3.09    4.80    4.27    4.76    2.61    4.05    5.53    4.54    3.77    5.73    3.49    2.09    3.33    4.26    3.80    3.67    9.14
199106   -3.95   -4.90   -4.21   -3.74   -4.53   -5.39   -3.93   -4.01   -4.05   -4.52   -4.55   -5.97   -4.62   -3.19   -4.94   -4.60   -3.32   -3.69   -4.71
199107    5.36    5.36    3.98    3.88    6.23    3.17    4.10    4.66    3.25    7.40    3.60    2.68    3.54    4.72    3.26    4.93    4.41    3.55    2.83
199108    2.97    3.44    1.93    2.37    4.07    1.12    2.81    2.14    3.13    4.40    3.29    1.44    0.88    1.98    3.92    2.58    1.74    4.56    1.04
199109    1.61   -1.94    0.09   -1.72   -1.62   -1.10   -0.76    0.13   -2.20   -1.74   -1.32   -2.98    0.35   -1.35    0.02    1.73   -1.31   -1.51   -3.25
199110   -0.27    1.63    1.75    1.80    1.78    0.94    1.89    2.71    2.37    2.33    0.45    1.17    0.78    1.67    2.18    4.20    1.31    3.10    1.26
199111   -5.45   -2.66   -4.44   -5.60   -1.59   -5.34   -4.88   -3.56   -6.84   -0.15   -5.11   -6.19   -4.70   -5.01   -4.71   -2.53   -4.55   -6.56   -7.28
199112   12.48   14.17    7.58    8.72   14.85    8.92    8.26    7.37   11.11   15.75   12.51   11.84    6.75    8.39    8.11    8.00    6.74   11.74   10.12
199201    4.50   -1.62   -0.66    5.32   -2.07   -0.83   -0.34    1.60    8.40   -3.02    0.47   -0.05   -1.44   -0.76    0.20    0.59    2.63    5.51   12.93
199202    4.47    0.39    0.97    6.90    0.10    0.28    2.32    3.68    8.20   -0.31    1.14    1.43   -0.63    1.85    2.92    1.64    5.70    5.71   11.85
199203   -4.96   -3.03   -1.29   -1.02   -3.52   -1.78   -0.62   -1.03   -0.90   -3.47   -3.64   -1.38   -2.10    0.24   -1.73   -0.92   -1.13   -1.90    0.46
199204   -1.90   -0.26    4.19    3.05   -1.00    4.09    3.42    2.18    4.40   -1.61    0.57    2.20    5.63    3.81    2.92    2.56    1.81    2.57    6.73
199205   -2.04    0.82    0.50    0.73    0.99    0.37    0.51    0.40    1.30    1.14    0.61    0.27    0.44   -0.38    1.69    0.61    0.20    1.60    0.93
199206   -6.34   -2.71   -1.36    0.06   -3.18   -0.83   -2.20   -0.55    0.07   -3.42   -2.59   -1.17   -0.56   -2.58   -1.71   -1.18    0.05   -1.00    1.36
199207    2.07    4.18    4.54    2.36    4.78    3.76    4.51    3.59    1.21    5.02    4.17    2.28    5.71    4.78    4.15    3.46    3.75    3.33   -0.97
199208   -5.98   -1.37   -2.09   -4.52   -1.05   -2.93   -0.97   -2.92   -6.46   -1.07   -0.99   -2.42   -3.58   -0.99   -0.93   -3.42   -2.24   -3.96   -9.17
199209    6.47    1.66    0.99    1.26    0.92    3.26    1.16    0.44    0.66    0.24    2.70    4.06    2.21    0.55    1.99   -0.69    1.94    1.66   -0.49
199210    4.27    2.56   -0.64    1.04    2.68    1.66   -0.95   -0.59    1.42    2.31    3.64    2.16    0.99   -0.80   -1.15   -1.52    0.63    1.73    1.06
199211    8.11    4.99    2.88    4.91    4.74    5.32    1.76    3.38    6.87    4.33    5.77    5.78    4.70    2.15    1.23    3.90    2.72    5.59    8.37
199212    1.27    0.86    2.25    3.67   -0.07    3.16    3.20    1.44    3.74   -0.57    1.15    3.84    2.24    3.42    2.91   -0.23    3.58    3.59    3.90
199301    3.90   -0.89    1.72    5.59   -1.80    1.45    1.52    3.30    7.53   -2.74    0.47    1.91    0.81    1.23    1.90    3.27    3.33    5.51    9.82
199302   -2.38   -2.71    3.75    2.74   -3.93    1.55    4.03    3.96    2.17   -4.55   -2.48    0.90    2.45    3.79    4.36    4.38    3.43    3.10    1.16
199303    6.63    1.79    3.06    2.88    1.19    3.65    3.42    1.57    3.59    0.70    2.32    3.47    3.91    3.09    3.87    1.19    2.04    2.26    5.04
199304    0.10   -4.93   -1.03   -1.22   -5.63   -2.40   -0.72   -1.68   -0.43   -6.03   -4.72   -2.99   -1.59   -0.30   -1.28   -1.27   -2.18   -1.74    0.96
199305    5.66    4.24    2.44    1.13    4.09    4.57    1.67    1.71    1.27    4.46    3.24    4.65    4.46    1.50    1.90    2.32    0.96    1.88    0.64
199306   -0.23   -0.88    1.14    3.10   -1.86    0.90    1.71    1.63    3.75   -1.91   -1.75    1.74   -0.24    1.01    2.67    1.11    2.29    3.32    4.19
199307    4.88   -2.06    1.18    1.73   -2.98    0.41    1.04    2.45    0.72   -3.78   -1.87    0.44    0.36    0.76    1.56    2.13    2.85   -1.11    2.79
199308   10.83    3.66    4.14    3.36    4.10    2.82    4.22    4.17    3.16    3.67    4.69    2.52    3.30    4.17    4.29    4.64    3.58    5.18    0.97
199309    1.81   -0.30    0.65   -0.47    0.03   -0.51    0.22    1.15   -1.39    0.25   -0.28   -1.16    0.55   -0.35    1.28    1.65    0.52   -1.89   -0.83
199310    9.56    3.08    0.00    1.33    3.90    0.57    0.01   -0.53    3.60    3.90    3.91    0.86    0.09    0.62   -1.09   -0.11   -1.07    2.18    5.19
199311   -7.59   -0.40   -2.65   -1.59    0.29   -2.03   -2.82   -3.32    0.28    0.62   -0.17   -2.29   -1.62   -2.60   -3.22   -3.07   -3.65    0.67   -0.14
199312    3.35    1.52    1.98    2.44    1.04    3.20    1.64    1.64    2.86    0.28    2.07    2.88    3.71    1.22    2.42    1.40    1.96    2.60    3.15
199401   -0.40    1.98    4.33    3.34    1.56    3.56    4.36    2.88    5.40    0.48    3.01    3.12    4.25    4.67    3.80    4.31    1.02    4.65    6.24
199402   -2.61   -1.57   -2.66   -3.92   -1.62   -1.09   -2.63   -4.20   -3.86   -1.44   -1.85   -1.44   -0.55   -2.57   -2.74   -4.36   -3.99   -3.85   -3.86
199403   -6.32   -4.88   -3.91   -4.00   -5.18   -4.21   -3.37   -4.30   -4.13   -5.14   -5.22   -4.06   -4.47   -3.56   -3.01   -4.63   -3.85   -2.78   -5.63
199404   -3.36    0.23    1.89    1.54    0.68   -0.33    2.51    1.34    1.85    0.33    1.14   -0.97    0.68    2.19    3.09    1.48    1.17    1.76    1.96
199405    0.71    1.09    1.48   -0.62    0.49    2.29    1.31    0.27    0.30    0.78    0.12    2.71    1.63    1.77    0.47    1.75   -1.71    1.71   -1.31
199406   -0.58   -3.20   -2.12   -2.29   -3.21   -3.00   -1.94   -1.71   -3.12   -3.45   -2.91   -3.16   -2.74   -2.25   -1.37   -2.03   -1.28   -3.97   -2.13
199407    0.85    2.90    3.11    3.85    2.50    3.09    3.09    4.21    3.76    2.38    2.65    4.04    1.59    2.47    3.62    4.31    4.01    3.80    3.67
199408    5.17    6.06    3.18    2.72    6.78    4.84    2.10    3.29    2.36    7.45    5.94    4.09    6.06    2.28    1.95    3.26    3.36    1.43    4.43
199409    1.86   -0.96   -2.91   -3.14   -0.41   -2.75   -3.12   -2.50   -3.26    0.25   -1.27   -2.48   -3.19   -3.24   -3.02   -2.27   -2.93   -3.72   -2.29
199410    1.15    2.16    2.20   -0.18    2.79    0.55    2.33    1.86   -0.20    3.19    2.26    0.34    0.89    1.80    2.78    2.92   -0.14   -0.29   -0.02
199411   -5.18   -3.00   -4.36   -3.14   -2.41   -4.54   -4.45   -3.80   -3.34   -1.88   -3.10   -4.77   -4.18   -4.58   -4.33   -4.32   -2.80   -3.24   -3.55
199412    1.56    1.32    1.31    1.27    1.06    1.64    1.49    1.06    1.59    0.32    2.07    2.11    0.88    1.29    1.67    1.25    0.71    2.16    0.37
199501   -0.41    1.87    2.58    3.00    2.07    1.51    2.96    2.72    2.72    1.87    2.33    1.28    1.88    3.41    2.57    2.32    3.50    1.95    4.35
199502    4.03    3.98    4.03    4.09    3.55    5.28    3.92    3.71    3.94    3.09    4.16    5.26    5.31    3.52    4.26    3.37    4.35    4.04    3.72
199503    0.74    2.96    3.05    0.68    2.77    3.76    2.65    2.45    0.31    3.53    1.78    3.52    4.16    2.31    2.94    3.04    1.33    0.17    0.61
199504    1.06    1.99    3.06    3.42    2.06    2.37    2.92    3.09    3.70    1.77    2.45    1.80    3.29    3.23    2.66    3.17    2.94    3.91    3.26
199505    0.65    3.27    3.42    4.84    3.25    2.97    3.31    4.21    5.38    2.75    3.91    3.35    2.36    3.07    3.52    4.38    3.89    6.03    3.98
199506    4.63    4.24    2.08    1.68    4.75    3.12    1.25    2.21    1.69    5.23    4.10    2.74    3.74    1.40    1.12    2.50    1.65    1.36    2.41
199507    9.54    4.35    4.16    3.00    4.71    3.25    4.48    4.51    2.35    4.61    4.88    3.48    2.91    4.00    5.00    4.88    4.03    2.85    1.84
199508    1.65    0.30    1.37    2.53   -0.12    1.58    0.50    2.51    2.92    0.41   -0.94    1.30    1.99    1.04   -0.08    2.97    1.91    3.43    2.41
199509    2.40    4.62    3.14    3.49    4.33    4.59    2.43    3.86    3.83    4.36    4.28    5.32    3.51    2.70    2.14    4.55    2.94    3.36    4.32
199510   -5.74   -0.11   -1.68   -2.18   -0.18   -1.03   -0.83   -2.61   -2.02    0.31   -0.94    0.04   -2.63   -1.55   -0.05   -2.74   -2.44   -2.01   -2.02
199511    2.17    3.92    5.04    4.13    4.66    3.13    4.69    5.79    3.66    4.26    5.29    2.17    4.63    5.00    4.36    6.48    4.87    4.22    3.10
199512    1.94    0.41    2.50    2.64   -0.13    2.50    2.47    1.71    2.78   -0.83    0.96    1.76    3.62    2.57    2.36    1.22    2.41    1.88    3.71
199601   -0.66    2.76    2.83    2.50    2.74    3.39    2.23    2.51    2.62    2.19    3.60    2.79    4.26    1.95    2.54    2.65    2.31    3.39    1.85
199602    2.90    2.23    1.76    0.18    2.39    1.38    2.13    1.15    0.45    2.60    2.05    1.87    0.66    2.25    2.00    2.14   -0.26    1.24   -0.36
199603    2.28    0.37    1.68    2.17    0.70    0.40    1.56    2.87    1.10    0.88    0.40   -0.40    1.57    2.39    0.66    2.12    3.97    0.72    1.50
199604    2.37    3.36    1.60    0.00    3.03    3.16    1.50    1.20   -0.28    3.97    1.53    4.17    1.71    1.48    1.53    1.72    0.45   -0.73    0.17
199605   -1.05    4.01    1.30    2.29    4.14    2.86    0.95    2.24    1.93    4.52    3.53    3.71    1.60    0.18    1.77    1.81    2.86    1.32    2.52
199606   -0.86   -0.59   -0.42   -0.40   -0.94    0.18   -0.64   -0.89    0.30   -0.75   -1.27    0.27    0.04   -0.32   -0.96   -0.46   -1.50    1.15   -0.52
199607   -9.41   -6.27   -4.01   -5.26   -6.60   -4.97   -4.17   -3.48   -5.62   -6.40   -6.87   -5.24   -4.61   -5.22   -2.83   -2.52   -4.65   -5.67   -5.57
199608    5.13    2.45    3.95    3.65    2.82    2.48    4.18    3.55    3.43    3.77    1.54    1.32    4.03    3.91    4.52    3.19    4.00    3.60    3.25
199609    5.00    6.69    4.44    1.87    7.02    5.24    4.56    2.91    1.80    8.06    5.58    5.65    4.72    3.22    6.22    3.65    1.99    2.41    1.13
199610   -3.29    0.19    3.14    3.53   -0.40    1.91    3.90    3.64    3.30   -0.80    0.16    2.10    1.66    3.55    4.32    3.42    3.91    2.97    3.67
199611    1.67    6.83    7.53    5.40    6.86    6.58    8.33    6.24    5.56    6.17    7.84    6.73    6.38    6.64   10.36    7.12    5.13    4.89    6.30
199612    1.71   -1.54   -0.96   -0.44   -1.57   -1.24   -1.32   -0.34   -0.15   -2.62   -0.12   -1.45   -0.96   -0.46   -2.30    0.10   -0.91   -0.07   -0.23
199701    2.89    6.44    4.93    3.04    6.93    5.24    4.49    4.35    2.72    7.46    6.21    4.89    5.68    4.46    4.53    4.95    3.56    2.69    2.76
199702    0.65   -0.45    0.36    1.92   -0.59   -0.05   -0.01    1.87    2.27   -1.54    0.71    0.03   -0.16   -0.62    0.68    2.26    1.35    2.16    2.39
199703   -6.58   -5.71   -2.68   -3.96   -6.01   -4.13   -1.93   -3.87   -3.91   -6.88   -4.83   -4.76   -3.31    0.45   -4.57   -3.75   -4.04   -3.61   -4.24
199704    1.49    6.05    4.07    1.33    6.38    4.11    4.45    3.37    1.27    8.53    3.51    5.03    2.94    3.31    5.78    4.81    1.43    0.73    1.87
199705   11.95    7.53    6.27    6.26    7.52    7.47    5.71    6.32    6.06    8.77    5.78    7.55    7.36    5.58    5.85    6.12    6.59    6.77    5.30
199706    2.87    4.14    4.77    3.46    4.06    4.77    4.46    4.42    3.28    5.28    2.33    4.41    5.24    3.26    5.86    4.90    3.76    4.02    2.46
199707    3.48    7.54    8.47    6.63    7.57    8.37    8.35    6.83    6.53    7.29    8.02    7.42    9.25    8.55    7.97    6.88    6.78    6.56    6.50
199708    0.48   -5.09   -2.82   -1.39   -5.67   -2.64   -2.93   -2.81   -0.90   -5.89   -5.33   -2.86   -2.44   -3.40   -2.00   -3.45   -2.16   -1.17   -0.64
199709    4.53    5.36    6.23    5.96    5.19    5.89    6.12    6.86    6.01    5.12    5.30    5.99    5.80    5.63    7.09    7.84    5.90    5.49    6.49
199710   -2.37   -3.70   -3.10   -2.62   -3.22   -4.67   -3.13   -1.69   -2.53   -2.54   -4.30   -5.45   -3.98   -2.93   -3.53   -0.60   -2.78   -3.77   -1.39
199711   -0.27    4.24    2.97    2.76    4.12    4.92    1.57    2.79    2.51    3.53    5.08    4.68    5.14    0.73    3.19    2.44    3.16    2.97    2.10
199712    1.84    0.79    2.75    3.99    0.61    2.09    2.54    3.30    4.82    0.36    1.00    1.49    2.61    1.94    3.66    3.93    2.65    4.49    5.12
199801    2.82    2.75   -1.95   -0.82    3.22   -0.36   -2.91   -0.58   -0.36    4.35    1.44    0.98   -1.51   -3.14   -2.48    0.36   -1.58   -1.53    0.68
199802    9.67    7.29    7.81    6.71    7.75    6.14    8.65    7.37    6.54    7.84    7.60    5.51    6.70    9.22    7.59    7.74    6.98    4.84    8.04
199803    7.64    4.60    5.40    6.44    4.46    5.22    5.14    5.98    7.11    4.28    4.76    5.14    5.30    5.55    4.36    6.60    5.32    6.41    7.71
199804   -0.10    1.16    1.61    0.60    1.04    1.19    2.28    1.06    0.45    0.93    1.22    1.61    0.83    2.76    1.37    1.25    0.84   -0.34    1.12
199805   -4.06   -2.89   -2.45    0.28   -2.82   -2.64   -3.07   -0.12    0.05   -2.75   -2.94   -3.14   -2.20   -2.89   -3.42   -0.85    0.68   -3.18    2.72
199806    4.38    5.57    1.61    1.56    6.89    0.76    1.58    1.81    2.14    8.16    4.82    0.32    1.14    1.86    1.04    2.92    0.60    0.51    3.49
199807   -3.40   -0.85   -3.73   -4.28   -1.07   -1.21   -4.54   -5.13   -2.95   -1.66   -0.07   -0.20   -2.68   -4.62   -4.43   -3.79   -6.50   -2.77   -3.24
199808  -18.43  -15.07  -17.49  -12.25  -14.49  -17.49  -17.82  -13.66  -11.63  -14.94  -13.74  -16.82  -18.50  -18.56  -16.92  -14.00  -13.30  -13.48   -8.62
199809    6.78    7.77    4.14    5.40    8.45    4.21    5.16    4.98    6.29    9.37    6.95    5.64    2.04    4.93    5.43    6.19    3.83    6.82    5.47
199810    5.61    8.16    7.41    4.45    7.60    9.77    7.00    4.66    4.11    6.18    9.97    9.99    9.41    8.24    5.53    4.27    5.05    5.10    2.56
199811    2.10    7.17    5.66    4.12    7.70    5.70    5.93    3.92    4.20    8.56    6.30    5.48    6.08    6.15    5.67    3.84    3.99    4.34    3.99
199812    9.48    8.61    2.00    3.11    9.25    4.55    1.88    3.41    3.40    9.79    8.37    6.49    1.24    1.63    2.17    4.27    2.61    3.29    3.56
199901    3.92    5.65   -0.43   -0.84    5.88    2.39    0.85   -2.04    0.82    7.55    3.12    4.88   -2.18    0.54    1.24   -0.30   -3.67   -0.42    2.69
199902    0.27   -4.46   -1.95   -3.10   -5.36   -1.76   -1.16   -2.66   -3.67   -4.93   -6.11   -1.39   -2.48   -0.72   -1.73   -3.25   -2.09   -3.30   -4.21
199903    5.09    4.05    3.21    0.62    4.70    1.51    5.19    1.71    0.33    6.20    2.08    1.87    0.83    4.22    6.42    2.32    1.13   -0.88    2.11
199904    4.13    2.00    9.52    8.09    0.55    8.19    9.45    8.25    7.42   -1.39    4.09    6.98   10.63   11.28    7.15    7.22    9.26    7.94    6.67
199905   -0.14   -2.39   -0.55    0.47   -2.91   -0.84   -1.31    1.70    0.61   -3.32   -2.20   -0.73   -1.05   -2.67    0.47    3.24    0.22   -0.68    2.50
199906    2.21    6.82    3.00   -0.10    6.70    5.60    3.72    0.66    0.10    6.31    7.39    7.17    2.53    5.03    2.01    1.77   -0.44    1.54   -1.93
199907   -2.90   -3.07   -3.18   -2.24   -3.09   -3.62   -1.69   -2.88   -2.59   -3.52   -2.07   -3.01   -4.70   -1.08   -2.50   -3.55   -1.78   -3.27   -0.83
199908   -3.59   -0.33   -2.64   -2.38    0.51   -4.08   -2.38   -1.92   -2.04    2.60   -4.31   -4.31   -3.67   -1.49   -3.55   -1.36   -2.81   -1.60   -3.17
199909   -1.04   -1.88   -4.97   -4.16   -1.65   -3.17   -5.04   -6.15   -4.30   -1.94   -0.94   -3.03   -3.43   -4.04   -6.38   -7.50   -3.99   -5.32   -1.66
199910    2.83    6.90    5.02    2.81    6.82    7.93    3.03    2.35    2.72    8.03    3.74    7.27    9.14    1.64    4.95    1.97    2.94    3.73    0.18
199911    8.53    4.40   -1.56   -0.76    5.15   -0.03   -0.56   -3.21   -0.17    5.19    5.05    0.67   -1.29   -0.51   -0.62   -4.29   -1.54    0.05   -0.80
199912   20.62    8.16    2.70    2.77    9.18    2.61    3.19    2.00    2.58   10.56    5.50    2.48    2.83    3.36    2.98    1.33    3.02    1.93    4.40
200001    1.34   -4.59   -3.26   -2.91   -4.75   -3.89   -2.05   -3.91   -2.11   -5.18   -3.52   -3.64   -4.31   -0.39   -4.24   -3.88   -3.97   -1.94   -2.60
200002   22.04    2.14   -1.97   -2.37    3.20   -2.47   -3.11   -3.37   -2.37    4.38   -0.06   -4.14    0.39   -4.72   -0.91   -4.02   -2.37   -2.81   -1.19
200003   -5.08    7.78    8.46    7.85    7.49    8.59    9.07    9.99    6.65    7.12    8.57    9.63    6.90    9.17    8.94   10.34    9.48    5.73    9.20
200004  -13.12   -4.62   -1.76    1.87   -5.04   -3.40   -0.85    3.16    2.33   -6.00   -2.25   -1.98   -5.77   -0.51   -1.28    4.41    1.27    4.22   -2.83
200005  -12.11   -3.56    0.20   -1.22   -4.20    0.77   -0.37   -0.67   -2.30   -4.03   -4.67    0.29    1.61    1.02   -2.03   -1.25    0.22   -3.26    0.46
200006   13.82    5.37   -4.03   -2.13    6.81   -3.40   -3.40   -3.17   -3.08    8.77    1.40   -2.83   -4.38   -3.49   -3.27   -4.64   -0.95   -4.19   -0.06
200007   -5.49   -3.10    3.15    3.96   -3.36    0.67    3.34    4.79    3.30   -4.83    1.47   -0.48    2.28    4.10    2.25    4.57    5.18    4.18    0.37
200008   10.20    7.59    8.07    7.01    7.72    7.83    7.68    5.75    7.26    8.21    6.18    6.35    9.82    8.31    6.75    5.31    6.54    7.96    4.84
200009   -7.97   -6.23    1.70    0.86   -6.52   -1.53    0.98    4.81   -0.53   -8.21   -1.18   -3.30    0.79    1.08    0.82    5.57    3.47   -0.18   -1.75
200010  -15.18   -2.36    0.71    0.34   -2.42    0.49   -1.84    0.39    1.24   -3.83    1.72   -1.76    3.32    0.81   -5.81    1.31   -1.26    1.65   -0.19
200011  -24.96  -11.04   -3.18   -0.46  -11.23   -6.15   -4.83   -0.15   -1.52  -13.33   -5.41   -9.23   -2.45   -5.20   -4.25   -1.02    1.46   -1.16   -2.81
200012   -0.36   -0.21    9.29    6.97   -1.20    9.12    9.50    9.25    5.62   -2.47    2.04    9.15    9.08   12.38    5.02    9.27    9.21    5.63    5.62
200101   10.47    3.98    1.50    0.32    3.79    3.11    3.85   -1.04    1.25    4.75    1.50    5.60    0.22    3.51    4.45   -0.97   -1.17   -0.32    6.79
200102  -18.61  -11.69   -0.50    2.58  -12.37   -3.39   -1.27    2.02    2.33  -14.88   -6.16   -5.72   -0.60   -2.11    0.18    1.47    2.99    2.42    1.99
200103  -10.23   -8.16   -1.70   -1.52   -8.73   -3.01   -0.63   -2.61   -0.81  -10.51   -4.74   -3.51   -2.43    0.83   -3.10   -2.59   -2.66   -0.94   -0.32
200104    7.08    8.97    5.21    5.24    9.46    5.87    3.97    5.29    5.12   10.98    6.24    5.22    6.61    2.96    5.74    5.20    5.45    4.98    5.63
200105    2.17    0.50    2.28    4.31    0.44    2.02    2.20    1.93    4.30   -0.23    1.90    0.98    3.19    3.30    0.32    0.60    4.32    4.18    4.72
200106    2.94   -1.68   -0.99   -0.83   -1.58   -2.48    0.19   -0.88   -0.46   -1.54   -1.67   -2.49   -2.46    0.02    0.50   -0.58   -1.41    0.17   -2.79
200107   -4.57   -1.97   -1.69    0.56   -2.09   -1.09   -2.01   -1.47    1.86   -1.53   -2.98   -0.97   -1.20   -2.45   -1.65   -1.66   -1.26   -1.54    6.77
200108   -9.11   -7.01   -3.78   -5.35   -7.31   -4.21   -4.01   -3.29   -5.94   -7.52   -6.98   -4.44   -4.00   -3.51   -4.41   -2.11   -4.50   -5.51   -6.52
200109  -14.88   -8.62   -9.39   -9.29   -8.19  -10.43   -9.42   -9.60   -9.81   -7.42   -9.40  -12.10   -8.93   -9.46   -9.39  -10.59   -8.56   -9.92   -9.66
200110    5.28    3.55    1.23   -2.01    3.98    0.63    1.09    1.51   -4.33    3.72    4.39   -0.08    1.27   -0.42    2.34    1.77    1.23   -0.25   -9.78
200111    9.75    8.31    6.02    9.73    8.18    7.41    5.89    7.53   11.65    8.69    7.36    9.45    5.56    6.72    5.23    7.85    7.21    9.89   14.21
200112    9.38    0.95    3.44    2.76    0.56    3.13    4.01    3.28    3.73   -0.69    2.60    4.35    1.99    4.00    4.01    5.06    1.43    3.55    3.97
200201   -2.47   -1.01   -1.61   -0.63   -1.00   -1.78   -1.85    1.17   -1.66   -1.52   -0.17   -1.16   -2.37   -1.49   -2.14    1.49    0.83   -2.54   -0.44
200202   -5.23   -2.79   -0.09   -1.97   -3.09    0.28    0.77   -2.80   -3.81   -2.59   -3.88   -0.22    0.77    2.05   -0.29   -5.89    0.55   -1.97   -6.29
200203    3.09    3.79    5.47    6.32    3.38    5.86    5.53    7.04    6.11    2.30    5.10    7.09    4.66    6.41    4.80    7.47    6.60    5.38    7.14
200204   -1.05   -6.82   -0.95   -3.23   -7.45   -2.16   -0.11   -0.44   -5.49   -7.59   -7.23   -1.90   -2.40   -1.33    0.93   -0.60   -0.27   -6.29   -4.38
200205   -2.41   -1.54   -0.40   -0.95   -1.59   -0.51   -0.34   -1.04   -1.79   -2.49   -0.20   -1.16    0.15   -1.11    0.31   -2.15    0.10   -0.63   -3.37
200206  -12.64   -7.34   -6.07   -7.32   -7.63   -5.25   -6.72   -4.68   -9.95   -7.64   -7.62   -5.23   -5.28   -6.05   -7.26   -5.26   -4.08  -10.21   -9.59
200207   -7.19   -6.36  -10.04  -13.26   -5.96   -9.25  -10.11  -11.02  -13.53   -5.06   -7.76   -8.28  -10.10   -9.82  -10.54   -9.69  -12.84  -12.84  -15.40
200208    4.43    0.21    0.78    3.74    0.12    0.35    0.96    2.39    4.42    0.27   -0.18    0.66    0.07    0.99    0.92    2.16    2.72    4.66    3.73
200209   -2.78  -10.50   -9.92   -9.49  -10.39  -11.18   -9.25   -8.40   -9.77   -9.48  -12.28  -11.07  -11.28   -9.17   -9.38   -7.94   -9.05   -8.05  -14.60
200210    9.35    9.59    6.19    2.97   10.04    7.59    5.00    3.18    4.36   10.46    9.13    7.33    7.82    2.99    8.16    4.79    0.87    5.44    1.08
200211   12.37    5.38    6.70    8.00    5.61    5.75    6.91    5.68    8.83    5.13    6.67    4.17    7.20    6.44    7.67    4.99    6.70    8.61    9.52
200212   -7.68   -6.41   -4.54   -4.12   -7.06   -4.19   -4.41   -2.70   -5.28   -6.87   -7.49   -3.02   -5.23   -3.93   -5.18   -3.01   -2.26   -6.51   -1.40
200301    4.58   -2.66   -2.28   -4.62   -2.57   -2.68   -2.20   -2.46   -5.99   -2.73   -2.20   -3.10   -2.29   -3.07   -0.80   -2.45   -2.49   -5.88   -6.30
200302    0.76   -1.13   -3.15   -4.03   -0.95   -2.49   -3.60   -2.92   -4.56   -0.21   -2.55   -1.99   -2.94   -4.77   -1.76   -2.70   -3.24   -4.13   -5.86
200303    5.37    1.71    0.16   -0.26    2.32   -0.90    0.85    1.14   -1.96    3.34    0.05   -1.34   -0.50    1.20    0.33    0.35    2.27   -2.44   -0.51
200304   10.71    7.79    9.13    9.55    8.05    7.77    9.31    8.45   11.14    6.85   10.89    6.49    8.92   10.42    7.59    9.27    7.29   11.95    8.74
200305   11.16    5.35    7.38    8.51    4.66    7.92    8.01    7.61    8.54    3.13    8.16    9.00    6.97    7.24    9.22    7.03    8.46    8.55    8.49
200306    6.94    1.27    1.49    1.84    1.19    1.97    1.13    0.44    2.71    1.33    0.89    1.65    2.26    1.65    0.32    0.36    0.56    1.85    5.33
200307    5.06    2.58    2.32    1.27    2.32    3.56    1.39    1.53    1.75    1.04    4.83    3.45    3.75    1.31    1.49    2.40    0.82    1.71    1.84
200308    6.11    1.92    2.61    4.16    2.08    2.15    1.91    3.46    4.81    0.86    4.40    1.41    3.33    2.57    1.05    3.33    3.56    3.52    7.93
200309    0.89   -0.85   -1.90   -1.06   -0.85   -1.20   -1.64   -1.88   -1.10   -0.27   -1.91   -0.84   -1.77   -2.12   -1.01   -2.94   -1.02   -1.72    0.34
200310   11.03    5.25    7.55    7.04    4.73    7.27    7.90    6.82    6.59    3.47    7.07    6.96    7.76    8.29    7.38    6.01    7.47    5.23    9.67
200311    1.35    0.94    2.02    2.60    0.82    1.77    1.73    1.83    3.54    0.47    1.46    1.31    2.50    2.45    0.78    1.97    1.71    3.36    3.96
200312   -1.08    4.12    4.54    5.90    3.41    5.51    4.50    5.11    6.95    3.63    3.03    6.35    4.20    3.31    6.11    5.39    4.89    5.18   10.82
200401   11.37    1.70    2.42    3.42    1.83    1.78    2.48    2.69    3.58    1.33    2.72    1.30    2.54    2.83    2.02    1.98    3.25    4.68    1.32
200402   -4.43    1.16    2.18    1.51    0.80    2.23    2.40    0.96    2.49    1.55   -0.52    2.28    2.16    3.42    1.06    1.49    0.54    3.84   -0.39
200403   -1.09   -1.69   -0.40   -0.81   -1.78   -1.07   -0.88    0.34   -1.12   -1.44   -2.39   -1.42   -0.52   -1.53    0.00    1.40   -0.49   -1.64    0.04
200404   -5.47   -0.82   -3.22   -2.53   -0.36   -2.44   -3.28   -3.25   -2.39    1.04   -2.91   -2.23   -2.75   -2.74   -3.95   -4.01   -2.66   -2.69   -1.73
200405    3.91    1.37    0.83    1.05    1.64    1.04    0.45    0.35    1.36    0.97    2.92    0.53    1.84    0.18    0.79   -0.17    0.74    1.52    1.00
200406    4.57    1.32    2.48    3.21    1.21    2.30    1.82    2.50    4.11    0.85    1.89    1.66    3.30    1.13    2.68    2.74    2.32    3.44    5.58
200407  -15.91   -5.22   -2.14   -1.92   -5.29   -3.10   -3.06   -1.93   -1.75   -6.43   -3.18   -4.93   -1.49   -2.28   -4.03   -1.70   -2.24   -1.35   -2.46
200408   -0.85   -0.30    0.80    0.56   -0.68    1.18    0.69    0.60    0.30   -1.23    0.31    1.23    1.13    1.25   -0.02    0.27    1.04    0.91   -0.79
200409    2.93    0.84    2.56    3.03    0.75    1.68    3.61    2.15    2.98    0.74    0.78    1.17    2.13    3.70    3.49    1.44    3.12    2.69    3.50
200410   -4.46    1.85    0.99    1.75    1.66    1.40    2.11    0.25    2.47    1.59    1.79    2.61    0.36    2.55    1.55    0.08    0.47    2.27    2.88
200411    5.24    3.74    5.67    6.14    3.07    5.79    5.74    5.87    6.67    2.97    3.25    6.38    5.27    6.33    4.98    6.39    5.17    6.22    7.57
200412   10.63    4.04    2.56    3.70    3.87    3.58    1.99    3.69    3.74    4.19    3.30    4.71    2.56    1.18    3.06    3.72    3.65    3.63    3.96
200501   -1.44   -3.13   -1.96   -1.41   -3.40   -2.15   -1.24   -2.39   -1.31   -3.28   -3.61   -2.13   -2.18   -0.60   -2.06   -2.96   -1.60   -1.28   -1.35
200502   -0.86    0.79    4.05    3.28    0.65    3.69    3.28    1.85    4.02    0.48    0.93    1.32    5.85    3.64    2.80    1.85    1.85    3.77    4.53
200503   -4.72   -1.41   -2.75   -0.26   -1.29   -3.21   -1.54   -1.31    0.07   -1.42   -1.07   -1.84   -4.40   -2.05   -0.88   -1.60   -0.90    0.49   -0.78
200504   -5.79   -1.65   -3.27   -2.90   -1.59   -2.64   -4.04   -1.95   -3.09   -0.94   -2.75   -1.86   -3.34   -4.61   -3.31   -1.53   -2.52   -2.46   -4.41
200505    4.02    4.13    3.33    3.62    4.34    3.46    3.60    2.67    3.87    4.47    4.09    3.36    3.55    2.86    4.55    2.32    3.14    3.60    4.44
200506    2.43   -0.76    2.24    2.93   -1.06    1.23    2.43    2.57    2.97   -1.28   -0.66    0.37    2.00    2.42    2.44    2.37    2.83    2.58    3.83
200507    8.24    4.79    3.02    4.46    4.95    2.88    3.86    3.75    5.12    4.13    6.04    4.28    1.63    5.01    3.04    3.95    3.55    4.96    5.44
200508   -1.59   -1.67   -0.21   -0.13   -1.74   -0.74   -0.22   -0.88    0.75   -2.10   -1.25   -1.46   -0.09    0.21   -0.54   -0.41   -1.37    2.15   -2.18
200509    4.09   -0.18    1.60    1.90   -0.37    1.30    1.08    1.51    2.38    0.30   -1.24    0.42    2.08    1.64    0.67    1.79    1.21    3.26    0.46
200510   -8.53   -0.54   -2.70   -2.79   -0.67   -2.49   -1.43   -1.19   -4.37   -0.35   -1.09   -0.12   -4.56   -3.72    0.30   -1.86   -0.48   -4.43   -4.25
200511    8.14    4.34    3.93    2.41    4.24    4.17    4.07    4.11    1.16    3.34    5.42    4.66    3.73    3.80    4.26    4.01    4.22    0.90    1.75
200512    0.00   -0.63    0.91    0.33   -0.75    0.46    0.96    0.37    0.38   -0.37   -1.25   -0.22    1.09    0.37    1.38    0.46    0.28    0.11    0.96
200601    5.91    1.84    4.64    4.94    2.30    2.77    3.85    4.17    6.62    1.84    2.90    0.38    5.01    5.88    2.41    5.65    2.59    7.12    5.52
200602   -3.31    0.27    0.27   -1.02   -0.10    0.44    0.43    0.89   -1.96   -0.08   -0.14    1.49   -0.50   -1.54    1.87    1.38    0.35   -2.75   -0.22
200603    3.72    1.81    1.99    1.31    1.47    2.09    2.33    1.59    1.75    1.71    1.15    2.89    1.36    3.53    1.48    2.41    0.68    1.63    2.02
200604    0.10   -0.34    2.14    3.26   -0.71    1.76    2.17    2.30    3.01   -0.72   -0.69    0.79    2.66    1.84    2.42    1.14    3.60    3.75    1.46
200605   -3.83   -3.50   -2.90   -1.64   -3.53   -3.17   -3.05   -2.13   -1.55   -3.19   -3.97   -3.39   -2.96   -3.47   -2.75   -2.46   -1.76   -2.08   -0.32
200606    2.52   -0.38    0.05    1.58    0.04   -0.87    0.07    0.58    2.09   -0.04    0.14   -1.69   -0.12    0.80   -0.47    0.29    0.88    2.57    0.97
200607   -4.50   -1.59    0.88    0.88   -2.13    0.75    0.48    1.06    0.18   -2.55   -1.65   -0.08    1.76   -0.38    1.72    0.64    1.63    0.44   -0.35
200608    1.71    3.45    1.76    1.01    3.72    2.15    2.85    0.48    1.18    3.68    3.77    2.75    1.44    3.31    2.19    0.23    0.82    0.66    2.29
200609    2.57    2.56    2.10    1.74    2.79    1.86    2.77    0.96    2.92    3.06    2.47    1.93    1.76    2.97    2.48    1.30    0.51    3.02    2.70
200610    8.13    3.35    3.27    4.93    3.39    3.78    2.80    3.61    5.24    4.04    2.62    3.25    4.43    2.71    2.93    2.88    4.60    5.40    4.91
200611    3.02    1.54    2.75    2.10    1.34    2.86    1.97    2.93    1.46    2.07    0.46    2.09    3.79    1.67    2.42    3.03    2.78    1.50    1.39
200612    4.01    0.35    1.73    2.66   -0.26    1.68    1.87    2.17    2.90   -0.65    0.20    2.03    1.26    2.49    1.00    2.00    2.39    3.22    2.24
200701    5.69    2.27    1.12    2.04    2.42    1.41    0.91    1.57    2.74    2.88    1.86    1.88    0.85    1.99   -0.63    1.82    1.26    2.30    3.69
200702   -1.18   -1.87   -1.46   -1.27   -2.01   -0.89   -2.84   -0.62   -1.51   -2.58   -1.32   -1.48   -0.18   -3.81   -1.40   -0.33   -0.99   -0.95   -2.69
200703    0.03    0.66    1.35    1.88    0.49    1.40    0.89    1.82    1.83    1.33   -0.52    1.12    1.76    1.34    0.24    1.75    1.92    1.86    1.77
200704    5.87    4.68    3.65    3.27    5.05    3.85    3.73    3.31    2.99    4.90    5.24    3.69    4.04    3.91    3.46    3.10    3.58    2.62    3.78
200705    3.86    3.07    4.05    3.90    2.90    3.99    3.65    3.68    4.69    3.29    2.42    3.53    4.56    3.90    3.29    4.18    3.05    5.74    2.48
200706   -3.60   -1.16   -1.87   -2.24   -1.45   -0.38   -3.08   -1.83   -2.07   -1.88   -0.93   -0.39   -0.37   -3.33   -2.71   -1.36   -2.44   -3.49    1.02
200707   -5.96   -1.84   -4.48   -5.04   -1.62   -2.56   -4.80   -6.11   -4.51   -0.90   -2.41   -2.32   -2.92   -6.54   -3.38   -6.34   -5.94   -3.76   -5.51
200708   -0.92    1.64    2.29   -0.55    1.38    2.25    2.51    0.69   -0.95    2.04    0.66    2.20    2.33    2.57    2.46    1.46    0.12   -0.23   -1.92
200709    3.51    4.42    2.58    2.81    4.71    3.54    2.28    2.37    3.16    4.95    4.44    3.79    3.15    1.57    2.84    2.53    2.24    2.36    4.25
200710   -0.27    3.02    0.96    1.66    3.76    2.18   -0.22    2.34    0.31    5.37    1.91    1.39    3.41    0.10   -0.47    0.23    3.93    0.78   -0.33
200711   -6.44   -3.68   -5.31   -4.99   -3.82   -3.54   -6.48   -3.89   -5.82   -5.02   -2.41   -3.36   -3.82   -7.82   -5.42   -4.24   -3.64   -5.12   -6.79
200712   -3.30   -0.39   -1.46    0.38   -0.76   -0.40   -1.03   -0.47    0.06   -0.42   -1.15    0.46   -1.73   -2.05   -0.26   -2.41    0.88   -0.57    0.94
200801   -7.43   -7.32   -4.58   -4.67   -7.94   -5.74   -4.41   -3.17   -5.71   -9.56   -6.07   -5.93   -5.43   -3.30   -5.25   -3.32   -3.06   -5.58   -5.87
200802   -3.66   -2.49   -3.77   -2.95   -2.31   -2.91   -3.56   -4.23   -3.03   -4.94    0.61   -2.89   -2.93   -3.78   -3.40   -6.30   -2.84   -0.82   -6.06
200803   -2.33    0.39   -2.45   -0.32    0.27    0.62   -3.36   -2.97    0.23    0.22    0.32    0.66    0.56   -4.16   -2.75   -5.79   -1.16   -1.20    2.31
200804    4.07    4.03    5.06    5.52    4.67    2.97    5.77    5.39    5.86    4.33    5.03    2.62    3.52    5.69    5.83    6.02    5.00    5.93    5.75
200805    4.79    2.44    0.50    3.15    3.46    0.63   -0.35    2.04    3.70    3.16    3.79    0.14    1.37   -0.83    0.02    1.62    2.29    4.19    3.01
200806  -10.36   -7.34   -9.54   -9.02   -6.99   -8.08  -10.58   -9.58   -8.60   -8.00   -5.94   -8.16   -7.95  -10.89  -10.35   -9.44   -9.66   -6.22  -11.98
200807    3.46   -0.61   -2.35    4.10   -0.19   -1.20   -2.66    0.39    2.81   -0.68    0.41   -1.69   -0.50   -0.98   -4.95   -4.09    4.90    3.30    1.45
200808    5.56    1.66    1.20    1.68    1.57    1.58    1.18    0.79    3.89    1.73    1.38    1.88    1.16    1.39    0.88    1.29    0.33    4.68    1.64
200809  -10.02   -9.69   -9.48   -5.02  -10.79   -8.18   -7.27   -7.26  -10.28  -10.55  -11.09   -6.85  -10.08   -8.04   -6.18  -13.21   -1.71  -10.27  -10.28
200810  -23.11  -15.43  -17.34  -22.15  -16.89  -15.24  -16.65  -19.49  -20.08  -16.20  -17.75  -11.86  -20.30  -14.36  -19.85  -14.80  -23.34  -17.36  -28.13
200811   -9.94   -6.57   -7.15  -13.83   -8.79   -4.04   -7.70  -10.54  -10.32  -10.15   -7.07   -1.53   -8.20   -5.77  -10.60   -4.57  -15.92   -9.14  -14.32
200812    4.28    2.38    1.17    0.91    2.66    1.68    1.35   -0.56    4.74    1.48    4.10    1.78    1.51    2.03    0.29    0.39   -1.55    3.86    7.91
200901   -3.40   -4.71  -10.57  -15.88   -3.80   -8.67   -9.89  -13.53  -13.67   -3.78   -3.82   -6.67  -12.25   -9.95   -9.80   -9.88  -17.33  -12.84  -16.56
200902   -8.43   -7.40  -12.58  -15.50   -7.02  -10.02  -12.91  -13.37  -14.32   -5.09   -9.30   -8.23  -13.43  -13.15  -12.53  -10.77  -16.31  -14.61  -13.29
200903   11.98    8.14    9.49   11.07    9.61    6.43   11.15    8.89    9.42    9.64    9.57    4.98    9.37   11.65   10.37    6.13   12.22    8.41   12.96
200904   16.43    7.78   11.81   16.62    8.82    8.26   12.18   11.90   17.86    9.96    7.47    5.45   13.83    9.82   15.94    8.49   15.79   12.86   36.69
200905    3.63    4.18    6.08    5.69    4.69    4.87    5.99    5.83    1.68    4.25    5.22    2.99    8.31    8.02    2.93    3.41    8.39    2.02    0.65
200906    2.17    1.68   -1.63    0.53    1.94   -0.63   -0.76   -0.94    2.64    3.22    0.42    1.04   -3.54   -0.42   -1.29   -1.07   -0.81    2.87    1.91
200907    6.96    6.79    8.69    9.72    6.25    8.79    8.07   10.35    9.81    5.56    7.19    9.09    8.47    8.26    7.67   10.96    9.62    9.56   10.69
200908    7.18    1.88    3.81    8.94    1.43    3.89    2.78    5.38   13.05    1.24    1.69    3.74    4.05    2.17    4.07    6.52    4.01   12.92   13.48
200909    0.82    3.73    4.21    5.81    3.83    3.72    4.43    4.88    5.37    3.99    3.63    3.32    4.17    4.94    3.36    3.67    6.38    4.33    8.84
200910   -4.47   -0.88   -3.11   -7.21   -0.63   -1.96   -3.26   -4.82   -8.63   -0.80   -0.40   -1.90   -2.04   -4.02   -1.67   -4.36   -5.38   -8.04  -10.51
200911    7.36    6.48    4.59    4.44    6.65    5.20    4.20    5.01    4.76    6.93    6.26    5.78    4.55    5.03    2.49    5.79    4.02    4.63    5.21
200912    6.47    2.21    3.31    4.29    1.84    3.28    3.53    4.46    3.23    2.55    0.83    3.72    2.79    3.21    4.18    3.53    5.66    1.30    9.54
201001   -3.18   -3.96   -2.52   -3.43   -3.73   -4.04   -1.77   -4.40   -2.00   -3.53   -4.03   -4.86   -3.12   -0.96   -3.44   -3.74   -5.23   -1.62   -3.13
201002    3.44    3.16    3.27    5.25    2.77    3.86    2.77    4.63    6.40    2.80    2.72    4.74    2.88    2.48    3.37    5.31    3.75    5.68    8.60
201003    8.64    5.49    6.74    8.04    5.60    6.00    6.34    7.18    8.83    5.78    5.35    5.02    7.10    6.22    6.58    7.33    6.99    7.72   12.11
201004    4.81    1.08    2.60    3.88    0.94    2.46    2.51    2.36    4.30    1.32    0.40    1.61    3.41    1.70    4.19    1.62    3.31    2.86    8.37
201005   -6.96   -7.42   -8.19   -8.68   -7.28   -7.80   -8.31   -7.89  -10.03   -7.40   -7.10   -7.98   -7.62   -8.40   -8.13   -8.74   -6.81  -10.44   -8.93
201006   -7.66   -4.78   -5.47   -8.96   -4.15   -7.09   -4.07   -6.75  -11.12   -3.77   -4.71   -7.30   -6.86   -2.91   -6.39   -7.32   -6.07  -10.04  -13.97
201007    9.08    6.81    7.33    6.55    7.14    5.67    8.19    7.03    6.80    7.27    6.98    5.79    5.46    7.86    8.44    7.65    6.19    8.08    5.52
201008   -6.98   -4.28   -4.61   -6.28   -4.09   -5.01   -4.94   -3.92   -7.61   -4.21   -3.94   -4.86   -5.24   -5.15   -4.78   -3.58   -4.39   -5.33   -9.93
201009   11.06   10.26    9.34    7.53   10.71    9.38    8.92    8.28    7.91   11.21   10.07    8.86   10.22    9.29    8.65    9.22    7.01    7.90    7.92
201010    4.65    4.73    3.63    1.38    4.72    4.52    4.06    1.85    1.73    5.75    3.38    4.75    4.16    4.54    3.69    2.55    0.89    3.66   -0.32
201011    2.41    0.71    0.81   -0.36    0.15    2.48    0.24    0.27   -0.80    0.35   -0.12    2.49    2.46    1.01   -0.35    0.26    0.27   -0.15   -1.53
201012    6.93    5.07    7.94    9.78    4.90    6.33    7.83    8.06   11.41    5.30    4.37    5.57    7.55    6.74    8.66    8.44    7.53    8.38   14.80
201101   -0.13    1.78    2.39    2.48    1.24    3.21    2.39    2.30    2.31    1.25    1.22    3.44    2.84    1.12    3.35    2.00    2.72    1.96    2.68
201102    5.13    2.70    4.22    4.90    2.54    3.79    4.50    4.35    4.25    2.62    2.42    3.17    4.78    3.04    5.57    3.30    5.83    5.29    3.16
201103    2.58    0.25    1.60   -0.96    0.53    0.25    1.70    0.47   -0.95    0.85    0.08   -0.55    1.51    1.55    1.80    1.52   -0.96    0.54   -2.54
201104    4.83    3.81    2.40    1.43    3.73    3.61    2.01    2.14    1.29    2.95    4.81    4.05    2.93    3.92    0.66    2.51    1.62    1.95    0.57
201105    1.24   -0.58   -1.57   -2.89   -0.22   -2.03   -1.75   -1.63   -2.52    0.01   -0.53   -1.65   -2.62   -1.51   -1.92   -0.38   -3.39   -1.39   -3.78
201106   -2.76   -1.49   -1.82   -2.02   -1.21   -2.37   -1.88   -1.77   -1.58   -0.93   -1.59   -2.32   -2.45   -2.15   -1.69   -1.17   -2.64   -0.40   -2.92
201107   -3.90   -1.04   -3.08   -3.83   -0.92   -2.32   -2.49   -3.36   -4.43    1.38   -3.71   -1.36   -3.72   -2.55   -2.43   -3.86   -3.03   -3.13   -6.19
201108   -9.06   -4.53   -7.29   -7.05   -4.67   -4.81   -8.51   -5.44   -8.41   -4.53   -4.84   -4.14   -5.82   -8.73   -8.27   -5.75   -5.23   -7.42   -9.79
201109   -6.64   -6.71   -8.02   -8.68   -6.71   -6.72   -8.64   -7.04  -10.46   -5.43   -8.35   -6.70   -6.75   -6.83  -10.72   -8.04   -6.40  -10.31  -10.68
201110   10.06   10.51   12.78   11.11   10.12   12.02   13.30   10.28   12.43    9.37   11.11   11.61   12.64   11.54   15.42   11.52    9.50   13.09   11.47
201111   -1.61   -0.22    0.76   -1.67   -0.52    0.56    0.75    0.58   -3.12   -0.91    0.00    0.62    0.47    1.95   -0.65    1.21    0.16   -2.29   -4.32
201112   -1.82   -0.26    1.92    1.47   -0.75    0.73    2.25    2.84    0.66   -0.91   -0.54    1.09    0.19    2.14    2.38    3.44    2.45    0.90    0.31
201201    7.95    6.16    3.90    3.96    7.21    3.70    3.77    2.17    6.31    8.31    5.81    3.32    4.27    3.42    4.20    3.75    1.13    5.80    7.06
201202    5.16    4.48    3.72    5.08    5.05    3.35    3.56    4.37    5.29    6.76    2.81    2.86    4.07    2.75    4.52    3.71    4.82    4.19    6.90
201203    4.20    3.88    1.60    3.53    4.01    2.42    1.11    2.72    4.88    4.98    2.68    3.52    0.80    1.06    1.17    4.05    1.83    4.05    6.10
201204    0.43   -0.61   -0.80   -1.19   -0.30   -1.08   -0.94    0.13   -2.73   -0.15   -0.51   -1.48   -0.47   -0.58   -1.35   -0.87    0.82   -1.78   -4.11
201205   -8.67   -5.92   -6.18   -6.40   -6.38   -5.31   -6.54   -4.25   -8.43   -6.29   -6.51   -4.56   -6.45   -6.39   -6.72   -4.86   -3.84   -9.30   -7.15
201206    2.42    3.19    4.33    5.03    2.75    3.70    5.20    4.33    5.62    2.91    2.53    4.46    2.52    5.54    4.79    4.32    4.34    5.48    5.82
201207    0.12    1.05    1.04   -0.39    0.95    0.82    1.43    0.64   -0.59    0.43    1.50    1.51    0.11    1.20    1.72    1.30   -0.08    0.36   -1.57
201208    1.60    2.72    1.92    3.58    2.79    2.91    1.64    0.93    5.03    2.88    2.70    2.40    3.43    2.21    0.94    0.58    1.33    3.05    7.11
201209    3.15    1.81    3.31    4.19    1.78    2.67    3.55    2.96    4.66    2.21    1.31    1.94    3.43    3.03    4.18    2.55    3.42    4.10    5.23
201210   -2.49   -2.92   -1.49    1.71   -3.32   -0.87   -1.73   -1.32    3.04   -4.57   -1.99   -1.14   -0.61   -1.28   -2.28   -2.09   -0.47    1.85    4.23
201211    1.77    1.53    0.07   -0.68    1.56    0.76    0.47   -0.48   -1.15    1.57    1.55    1.40    0.12    0.59    0.33   -1.04    0.12   -0.67   -1.61
201212    0.47   -0.01    1.36    4.62   -0.28    0.78    1.61    2.41    5.71   -1.47    0.97    1.11    0.43    1.97    1.16    2.03    2.81    3.78    7.61
201301    7.56    4.73    5.73    7.30    4.29    5.65    6.71    5.77    7.52    2.43    6.18    6.63    4.62    6.86    6.54    4.66    6.93    7.61    7.43
201302   -1.09    1.18    1.50    1.46    1.21    0.70    1.86    2.28    0.93    0.77    1.65    1.06    0.32    1.25    2.62    2.20    2.36    1.93   -0.02
201303    8.90    3.79    4.17    4.13    3.89    3.57    3.95    4.82    4.02    3.80    3.98    3.35    3.79    3.53    4.46    5.32    4.31    3.20    4.81
201304    3.30    1.68    1.33    1.78    1.81    0.78    1.66    1.42    2.16    1.13    2.47    1.11    0.43    2.06    1.17    1.67    1.16    2.11    2.20
201305    3.36    2.29    2.29    5.25    2.16    3.61    1.73    2.27    6.19    1.59    2.70    2.86    4.41    2.05    1.33    0.95    3.65    3.42    8.80
201306   -0.90   -1.90   -0.09   -1.70   -2.05   -0.91   -0.13   -0.40   -1.85   -2.77   -1.37   -1.28   -0.52   -0.26    0.03    0.63   -1.44   -0.90   -2.71
201307    5.06    5.63    5.12    6.59    5.55    5.78    4.92    5.48    6.71    6.26    4.99    5.85    5.69    4.92    4.91    4.94    6.37    5.75    7.76